0.000000, 1.000000
0.000000, 1.000000
1.000000, 1.000000
0.000000, 0.999896
0.000000, 0.999994
0.000000, 0.999988
1.000000, 0.997467
0.000000, 0.996277
0.000000, 0.999394
0.000000, 0.748922
1.000000, 0.997752
0.000000, 1.000000
0.000000, 1.000000
0.000000, 0.040880
1.000000, 1.000000
1.000000, 0.999999
1.000000, 1.000000
0.000000, 0.959909
1.000000, 0.997399
0.000000, 1.000000
1.000000, 1.000000
0.000000, 0.998802
0.000000, 0.806893
0.000000, 0.993763
0.000000, 1.000000
0.000000, 0.958412
1.000000, 0.996822
0.000000, 0.947979
0.000000, 0.996895
0.000000, 0.999630
1.000000, 1.000000
0.000000, 0.999996
0.000000, 0.974466
0.000000, 0.051083
1.000000, 1.000000
0.000000, 0.999981
0.000000, 0.175495
0.000000, 0.871635
1.000000, 1.000000
0.000000, 1.000000
0.000000, 0.112363
0.000000, 1.000000
1.000000, 1.000000
0.000000, 1.000000
0.000000, 0.824063
0.000000, 0.992535
1.000000, 0.997605
0.000000, 0.045315
1.000000, 1.000000
0.000000, 0.838742
1.000000, 1.000000
1.000000, 0.943409
1.000000, 1.000000
0.000000, 1.000000
1.000000, 1.000000
0.000000, 0.060931
0.000000, 0.169332
0.000000, 0.185919
0.000000, 0.043620
0.000000, 0.046382
0.000000, 0.414007
0.000000, 0.999999
0.000000, 0.989564
0.000000, 0.999983
1.000000, 1.000000
1.000000, 0.999999
0.000000, 1.000000
0.000000, 1.000000
1.000000, 1.000000
0.000000, 0.046447
1.000000, 0.999999
0.000000, 0.041768
0.000000, 0.822756
0.000000, 1.000000
1.000000, 0.999999
1.000000, 1.000000
0.000000, 0.041254
0.000000, 0.047928
1.000000, 0.997378
1.000000, 1.000000
1.000000, 1.000000
0.000000, 1.000000
1.000000, 1.000000
0.000000, 0.999999
1.000000, 0.999999
0.000000, 0.926105
1.000000, 0.996816
0.000000, 1.000000
1.000000, 1.000000
1.000000, 1.000000
0.000000, 0.999985
0.000000, 1.000000
1.000000, 0.999999
1.000000, 0.693285
1.000000, 0.997265
0.000000, 0.047023
1.000000, 0.996858
0.000000, 0.999998
0.000000, 1.000000
1.000000, 0.999995
1.000000, 1.000000
0.000000, 0.943432
1.000000, 1.000000
0.000000, 0.996342
1.000000, 1.000000
0.000000, 0.999901
0.000000, 1.000000
0.000000, 0.040833
1.000000, 1.000000
0.000000, 1.000000
0.000000, 0.999920
0.000000, 0.922548
1.000000, 1.000000
0.000000, 0.696849
1.000000, 0.997601
0.000000, 0.999827
1.000000, 0.996996
0.000000, 0.925001
0.000000, 0.959769
0.000000, 0.978254
0.000000, 0.999726
0.000000, 0.976251
0.000000, 0.998630
0.000000, 0.999990
1.000000, 1.000000
1.000000, 0.999999
0.000000, 0.970682
0.000000, 1.000000
0.000000, 0.043049
0.000000, 0.999708
0.000000, 0.760746
0.000000, 0.933410
0.000000, 1.000000
0.000000, 0.976743
1.000000, 0.999998
0.000000, 0.972959
0.000000, 0.614281
0.000000, 0.545634
1.000000, 0.999999
0.000000, 1.000000
0.000000, 0.999477
0.000000, 0.993953
0.000000, 0.204820
1.000000, 0.999999
0.000000, 0.976951
0.000000, 0.999999
1.000000, 0.997235
1.000000, 1.000000
0.000000, 1.000000
0.000000, 0.978123
1.000000, 0.997753
0.000000, 0.350897
1.000000, 1.000000
0.000000, 0.999989
1.000000, 1.000000
0.000000, 0.761799
1.000000, 1.000000
1.000000, 0.999676
0.000000, 0.828555
0.000000, 0.999429
1.000000, 0.999953
0.000000, 1.000000
1.000000, 0.997230
1.000000, 0.108013
1.000000, 0.997752
0.000000, 0.999999
1.000000, 1.000000
1.000000, 0.999944
0.000000, 0.277800
1.000000, 1.000000
1.000000, 0.997389
0.000000, 0.043736
1.000000, 1.000000
0.000000, 0.991353
0.000000, 0.090073
0.000000, 0.999171
1.000000, 0.999999
0.000000, 0.987312
1.000000, 1.000000
0.000000, 0.676543
1.000000, 0.996822
1.000000, 1.000000
0.000000, 0.650816
0.000000, 0.999981
1.000000, 0.999982
0.000000, 1.000000
0.000000, 0.976405
0.000000, 0.999996
0.000000, 0.993555
0.000000, 0.614471
0.000000, 1.000000
0.000000, 0.759647
1.000000, 0.996824
0.000000, 0.999990
1.000000, 0.997468
0.000000, 1.000000
1.000000, 1.000000
0.000000, 0.999213
1.000000, 0.997753
0.000000, 0.041104
1.000000, 1.000000
0.000000, 1.000000
0.000000, 0.999763
0.000000, 1.000000
1.000000, 1.000000
0.000000, 0.999668
1.000000, 0.997235
1.000000, 0.999991
0.000000, 0.824334
1.000000, 1.000000
0.000000, 0.800372
0.000000, 0.966072
1.000000, 1.000000
0.000000, 0.999931
1.000000, 1.000000
0.000000, 0.999470
0.000000, 1.000000
0.000000, 0.999999
1.000000, 0.999992
0.000000, 0.999994
0.000000, 0.984829
0.000000, 0.999995
1.000000, 0.997220
0.000000, 0.999989
0.000000, 0.754460
1.000000, 1.000000
1.000000, 1.000000
0.000000, 0.801366
1.000000, 1.000000
0.000000, 0.045666
1.000000, 1.000000
0.000000, 0.999977
1.000000, 1.000000
0.000000, 0.999999
1.000000, 1.000000
1.000000, 1.000000
1.000000, 1.000000
0.000000, 0.999975
1.000000, 0.996822
0.000000, 0.999518
0.000000, 1.000000
0.000000, 0.826697
1.000000, 0.999999
0.000000, 0.081297
1.000000, 0.947954
0.000000, 0.999968
0.000000, 0.999999
0.000000, 0.940374
1.000000, 0.999939
1.000000, 1.000000
1.000000, 0.999993
0.000000, 0.962619
0.000000, 0.113023
1.000000, 0.999997
0.000000, 0.151670
0.000000, 0.041596
1.000000, 1.000000
0.000000, 0.999984
0.000000, 0.996822
0.000000, 0.965867
1.000000, 0.997223
0.000000, 0.040985
0.000000, 0.234024
0.000000, 0.980875
0.000000, 0.776876
0.000000, 0.999958
0.000000, 0.989094
0.000000, 0.997213
0.000000, 0.746183
0.000000, 0.814396
1.000000, 0.997752
0.000000, 0.849019
1.000000, 0.999834
0.000000, 0.997447
1.000000, 0.996977
0.000000, 0.105923
1.000000, 1.000000
0.000000, 1.000000
0.000000, 0.936014
0.000000, 0.999998
0.000000, 0.759496
0.000000, 0.999869
1.000000, 0.997467
0.000000, 0.982984
1.000000, 0.999999
1.000000, 1.000000
1.000000, 1.000000
0.000000, 0.998861
0.000000, 0.846161
0.000000, 0.905277
1.000000, 1.000000
1.000000, 1.000000
1.000000, 1.000000
0.000000, 0.980988
1.000000, 0.999999
0.000000, 0.999945
1.000000, 0.999999
0.000000, 1.000000
1.000000, 1.000000
0.000000, 0.998057
1.000000, 1.000000
0.000000, 0.999150
0.000000, 0.044604
0.000000, 1.000000
0.000000, 0.997523
0.000000, 0.975724
1.000000, 1.000000
1.000000, 0.999999
1.000000, 1.000000
0.000000, 0.041634
1.000000, 0.999999
0.000000, 1.000000
0.000000, 1.000000
0.000000, 1.000000
1.000000, 1.000000
0.000000, 1.000000
0.000000, 0.274142
0.000000, 0.999997
1.000000, 0.997609
0.000000, 1.000000
1.000000, 0.999999
1.000000, 1.000000
0.000000, 1.000000
1.000000, 0.999999
1.000000, 1.000000
0.000000, 1.000000
0.000000, 0.226449
1.000000, 0.999999
1.000000, 0.997223
1.000000, 0.999783
0.000000, 0.997465
0.000000, 0.043888
1.000000, 0.997389
0.000000, 0.860563
0.000000, 0.999771
0.000000, 0.980250
0.000000, 0.932826
0.000000, 0.999355
1.000000, 0.997389
0.000000, 0.999967
0.000000, 0.043837
0.000000, 0.041319
1.000000, 1.000000
0.000000, 0.042329
1.000000, 0.997226
0.000000, 0.138504
1.000000, 1.000000
0.000000, 0.995507
0.000000, 0.710588
0.000000, 0.999999
1.000000, 1.000000
0.000000, 1.000000
1.000000, 1.000000
1.000000, 1.000000
1.000000, 0.999999
0.000000, 0.688286
0.000000, 0.059919
0.000000, 0.693457
0.000000, 1.000000
1.000000, 1.000000
1.000000, 1.000000
1.000000, 1.000000
0.000000, 0.999999
0.000000, 1.000000
0.000000, 0.657878
0.000000, 1.000000
0.000000, 0.827921
0.000000, 1.000000
1.000000, 0.999996
1.000000, 0.977865
0.000000, 0.181385
0.000000, 0.989350
1.000000, 0.997389
0.000000, 0.971838
1.000000, 1.000000
0.000000, 0.999995
1.000000, 1.000000
1.000000, 0.999996
0.000000, 0.706617
1.000000, 1.000000
0.000000, 0.687937
0.000000, 0.999962
1.000000, 1.000000
0.000000, 0.999899
1.000000, 0.997609
0.000000, 0.633806
1.000000, 0.997599
0.000000, 0.041292
1.000000, 1.000000
0.000000, 0.999992
1.000000, 0.997230
0.000000, 0.046852
0.000000, 1.000000
0.000000, 0.996528
1.000000, 1.000000
0.000000, 0.978764
0.000000, 0.994324
0.000000, 0.744562
0.000000, 0.993345
0.000000, 0.991326
0.000000, 0.044980
0.000000, 0.288094
1.000000, 0.999999
0.000000, 0.990316
1.000000, 0.997389
0.000000, 0.989316
0.000000, 0.996882
0.000000, 0.771487
1.000000, 1.000000
0.000000, 0.999701
0.000000, 1.000000
0.000000, 0.533770
1.000000, 1.000000
1.000000, 0.999991
0.000000, 0.999984
0.000000, 0.090803
1.000000, 0.997467
0.000000, 0.999898
0.000000, 0.041996
0.000000, 1.000000
1.000000, 0.999971
1.000000, 0.999999
1.000000, 1.000000
0.000000, 0.999926
0.000000, 0.898758
1.000000, 0.999999
1.000000, 1.000000
0.000000, 0.999659
0.000000, 0.997657
0.000000, 0.999957
0.000000, 0.206835
0.000000, 0.975004
1.000000, 0.999999
0.000000, 0.247798
1.000000, 1.000000
0.000000, 0.999834
1.000000, 0.999999
0.000000, 0.999997
1.000000, 0.999999
0.000000, 0.822037
1.000000, 1.000000
0.000000, 0.999718
1.000000, 0.997399
0.000000, 0.999998
0.000000, 0.759726
1.000000, 0.999999
0.000000, 1.000000
0.000000, 1.000000
1.000000, 1.000000
0.000000, 0.045045
1.000000, 0.997223
0.000000, 1.000000
0.000000, 0.191098
0.000000, 0.043693
0.000000, 0.999999
0.000000, 0.782945
1.000000, 1.000000
0.000000, 0.273489
0.000000, 0.546955
0.000000, 0.997775
0.000000, 0.116742
1.000000, 0.999995
0.000000, 0.997603
0.000000, 0.402761
1.000000, 1.000000
0.000000, 0.999628
1.000000, 1.000000
0.000000, 0.751612
1.000000, 1.000000
0.000000, 0.045361
1.000000, 0.997394
0.000000, 0.934693
1.000000, 1.000000
0.000000, 0.762608
1.000000, 0.999996
0.000000, 0.979614
1.000000, 1.000000
0.000000, 1.000000
1.000000, 1.000000
0.000000, 0.980217
1.000000, 1.000000
0.000000, 0.983353
1.000000, 0.997605
0.000000, 0.988959
1.000000, 0.997226
0.000000, 0.999941
1.000000, 0.997226
0.000000, 1.000000
1.000000, 1.000000
0.000000, 0.999452
1.000000, 0.997750
1.000000, 1.000000
0.000000, 0.997605
0.000000, 0.041615
1.000000, 0.999709
0.000000, 0.044075
1.000000, 1.000000
0.000000, 0.041552
1.000000, 0.999954
0.000000, 1.000000
0.000000, 0.684469
1.000000, 0.492774
1.000000, 0.996820
0.000000, 0.941162
0.000000, 1.000000
1.000000, 0.994906
1.000000, 1.000000
0.000000, 0.777149
0.000000, 0.996807
0.000000, 0.615331
0.000000, 0.997329
0.000000, 0.999996
1.000000, 0.997226
0.000000, 0.739131
0.000000, 1.000000
0.000000, 1.000000
0.000000, 0.052115
0.000000, 1.000000
1.000000, 1.000000
0.000000, 0.999999
1.000000, 0.999999
0.000000, 0.078975
1.000000, 1.000000
1.000000, 0.999529
1.000000, 1.000000
0.000000, 0.999998
0.000000, 0.290619
1.000000, 0.999998
0.000000, 0.041020
0.000000, 0.120102
0.000000, 0.780305
1.000000, 0.999987
1.000000, 1.000000
0.000000, 1.000000
1.000000, 1.000000
0.000000, 0.331414
1.000000, 1.000000
0.000000, 0.153770
1.000000, 1.000000
0.000000, 0.898025
1.000000, 0.996820
0.000000, 0.042618
0.000000, 0.042953
0.000000, 0.999337
0.000000, 0.144265
0.000000, 0.041822
0.000000, 0.999940
0.000000, 0.041591
0.000000, 0.042889
1.000000, 0.999997
1.000000, 0.999999
1.000000, 0.999298
0.000000, 0.234353
0.000000, 0.041959
1.000000, 0.997465
0.000000, 1.000000
1.000000, 1.000000
0.000000, 1.000000
0.000000, 0.893168
0.000000, 1.000000
1.000000, 1.000000
0.000000, 0.999997
0.000000, 0.999999
0.000000, 0.626590
1.000000, 0.999999
0.000000, 0.997600
1.000000, 0.997465
0.000000, 1.000000
1.000000, 1.000000
0.000000, 1.000000
1.000000, 0.999999
0.000000, 0.153541
0.000000, 0.273681
0.000000, 0.999665
0.000000, 0.159366
1.000000, 0.973596
1.000000, 1.000000
0.000000, 0.999691
0.000000, 0.164761
0.000000, 1.000000
0.000000, 0.288241
0.000000, 0.762032
1.000000, 0.999900
0.000000, 1.000000
1.000000, 0.996822
0.000000, 0.999995
0.000000, 0.788843
0.000000, 0.998989
1.000000, 0.997609
1.000000, 0.999999
1.000000, 1.000000
0.000000, 0.999428
0.000000, 0.041032
0.000000, 0.957397
1.000000, 0.997027
0.000000, 1.000000
1.000000, 1.000000
0.000000, 0.048929
1.000000, 1.000000
0.000000, 0.999985
0.000000, 0.995264
0.000000, 0.992956
0.000000, 0.999118
0.000000, 0.966668
1.000000, 1.000000
0.000000, 0.617898
1.000000, 0.997399
0.000000, 0.112701
0.000000, 0.200334
0.000000, 1.000000
1.000000, 0.997603
1.000000, 1.000000
1.000000, 1.000000
0.000000, 0.964078
1.000000, 1.000000
0.000000, 0.999996
1.000000, 0.999994
1.000000, 1.000000
1.000000, 0.999999
0.000000, 0.999871
0.000000, 0.997541
0.000000, 0.042148
1.000000, 0.997394
0.000000, 0.994729
1.000000, 0.997394
0.000000, 0.999994
1.000000, 0.997394
0.000000, 0.824799
0.000000, 0.163089
0.000000, 1.000000
1.000000, 1.000000
0.000000, 0.653606
1.000000, 0.996820
0.000000, 0.043217
1.000000, 0.999999
0.000000, 0.048115
1.000000, 1.000000
0.000000, 0.999998
1.000000, 1.000000
0.000000, 0.720979
1.000000, 0.999999
0.000000, 0.999979
0.000000, 0.127174
0.000000, 0.999997
1.000000, 0.999999
0.000000, 0.999352
0.000000, 0.137123
1.000000, 0.999608
1.000000, 0.997230
0.000000, 0.990464
1.000000, 0.997346
0.000000, 0.682612
0.000000, 0.989665
0.000000, 0.999990
1.000000, 1.000000
0.000000, 0.962278
1.000000, 0.997372
0.000000, 1.000000
0.000000, 1.000000
0.000000, 1.000000
0.000000, 0.995493
0.000000, 0.999821
1.000000, 0.997399
0.000000, 0.999871
0.000000, 0.042289
0.000000, 0.992137
1.000000, 1.000000
0.000000, 0.529920
0.000000, 1.000000
0.000000, 0.821312
0.000000, 0.999998
0.000000, 1.000000
0.000000, 0.999999
0.000000, 0.999977
0.000000, 0.041331
0.000000, 1.000000
0.000000, 1.000000
0.000000, 0.999172
1.000000, 0.999999
1.000000, 1.000000
0.000000, 1.000000
0.000000, 0.999751
1.000000, 0.997223
0.000000, 1.000000
1.000000, 0.997467
0.000000, 0.984897
1.000000, 0.997467
0.000000, 0.999981
0.000000, 0.882237
0.000000, 0.999998
1.000000, 1.000000
0.000000, 0.997037
0.000000, 0.103231
0.000000, 0.999994
1.000000, 1.000000
0.000000, 0.890239
1.000000, 1.000000
0.000000, 0.802518
0.000000, 0.529079
0.000000, 0.954038
1.000000, 1.000000
1.000000, 1.000000
0.000000, 0.997004
1.000000, 1.000000
1.000000, 1.000000
0.000000, 0.828602
0.000000, 1.000000
1.000000, 1.000000
0.000000, 0.042907
0.000000, 1.000000
1.000000, 1.000000
0.000000, 0.996642
1.000000, 0.997753
0.000000, 0.999086
1.000000, 1.000000
0.000000, 0.999995
1.000000, 1.000000
0.000000, 1.000000
0.000000, 0.999552
0.000000, 0.999890
1.000000, 0.997235
1.000000, 1.000000
1.000000, 0.999924
0.000000, 0.999734
1.000000, 0.997220
0.000000, 0.999998
1.000000, 1.000000
0.000000, 0.999992
1.000000, 1.000000
0.000000, 0.999991
1.000000, 0.999991
1.000000, 0.998780
0.000000, 0.991574
0.000000, 0.999274
1.000000, 1.000000
0.000000, 0.999886
1.000000, 0.999999
0.000000, 0.749549
0.000000, 0.999996
0.000000, 1.000000
0.000000, 0.043713
0.000000, 1.000000
1.000000, 0.997394
0.000000, 0.979765
1.000000, 1.000000
0.000000, 0.943975
1.000000, 0.997389
0.000000, 1.000000
0.000000, 0.759209
0.000000, 0.041043
1.000000, 1.000000
1.000000, 0.992442
1.000000, 1.000000
0.000000, 0.043246
0.000000, 0.996102
0.000000, 0.666947
1.000000, 1.000000
0.000000, 0.985628
0.000000, 0.999998
0.000000, 0.953951
0.000000, 0.724478
0.000000, 0.990253
1.000000, 1.000000
1.000000, 1.000000
0.000000, 1.000000
0.000000, 1.000000
1.000000, 0.997647
0.000000, 0.999997
0.000000, 0.148130
1.000000, 1.000000
0.000000, 1.000000
0.000000, 0.997004
0.000000, 0.650713
0.000000, 0.999094
0.000000, 0.672008
0.000000, 0.999995
1.000000, 0.999992
1.000000, 1.000000
0.000000, 0.999979
0.000000, 1.000000
1.000000, 1.000000
0.000000, 0.888232
0.000000, 0.041181
0.000000, 0.998054
1.000000, 0.999996
1.000000, 0.999976
0.000000, 0.998241
0.000000, 0.931625
1.000000, 0.999999
0.000000, 0.999517
1.000000, 0.997467
0.000000, 1.000000
0.000000, 0.821545
1.000000, 1.000000
0.000000, 0.999994
0.000000, 0.708145
1.000000, 0.997603
0.000000, 0.101609
1.000000, 1.000000
0.000000, 0.939047
1.000000, 1.000000
0.000000, 0.990887
0.000000, 0.900237
1.000000, 1.000000
0.000000, 0.410936
1.000000, 0.999999
1.000000, 0.999999
0.000000, 0.999992
1.000000, 0.997603
0.000000, 0.046553
1.000000, 0.996822
0.000000, 0.999999
1.000000, 1.000000
1.000000, 1.000000
1.000000, 0.997752
0.000000, 0.652555
1.000000, 1.000000
0.000000, 0.063217
1.000000, 0.997230
0.000000, 1.000000
0.000000, 0.194895
0.000000, 0.993574
0.000000, 0.995000
0.000000, 0.230542
1.000000, 1.000000
0.000000, 0.999710
1.000000, 1.000000
0.000000, 0.770066
1.000000, 1.000000
0.000000, 0.312107
0.000000, 0.995577
0.000000, 0.075247
0.000000, 0.041890
0.000000, 1.000000
1.000000, 1.000000
0.000000, 0.348415
0.000000, 0.999992
0.000000, 0.584862
0.000000, 0.041318
0.000000, 0.758489
1.000000, 1.000000
0.000000, 0.044300
1.000000, 0.999999
0.000000, 0.938480
1.000000, 0.999999
0.000000, 0.999980
0.000000, 0.518719
1.000000, 0.999991
1.000000, 1.000000
0.000000, 0.041635
1.000000, 1.000000
0.000000, 0.969330
1.000000, 0.997389
0.000000, 1.000000
0.000000, 1.000000
0.000000, 0.999997
0.000000, 0.507839
0.000000, 0.720893
1.000000, 0.999999
1.000000, 0.999989
1.000000, 0.999951
0.000000, 0.997019
1.000000, 0.996820
1.000000, 0.995224
0.000000, 0.608658
0.000000, 0.041266
1.000000, 0.997223
0.000000, 0.069215
1.000000, 0.997223
0.000000, 0.040980
1.000000, 0.997223
0.000000, 0.835749
1.000000, 0.997389
0.000000, 0.817497
1.000000, 0.997605
0.000000, 0.999998
1.000000, 0.875809
0.000000, 0.066231
0.000000, 1.000000
0.000000, 0.999987
1.000000, 0.997223
0.000000, 0.999999
1.000000, 1.000000
1.000000, 0.999842
1.000000, 1.000000
1.000000, 0.790109
1.000000, 0.999999
0.000000, 0.188366
1.000000, 0.999999
0.000000, 0.737355
1.000000, 1.000000
0.000000, 0.981675
0.000000, 0.651082
0.000000, 0.999822
0.000000, 0.504907
0.000000, 0.995131
0.000000, 0.695374
0.000000, 0.999974
0.000000, 0.950947
0.000000, 0.885449
0.000000, 0.999202
0.000000, 0.934602
0.000000, 0.971192
0.000000, 0.999848
1.000000, 1.000000
0.000000, 1.000000
0.000000, 1.000000
0.000000, 0.997072
1.000000, 0.997753
0.000000, 0.385174
1.000000, 1.000000
0.000000, 0.974350
0.000000, 0.982164
0.000000, 0.999998
1.000000, 0.997601
1.000000, 0.999880
0.000000, 0.580926
0.000000, 0.999804
1.000000, 1.000000
0.000000, 0.999990
0.000000, 0.999297
0.000000, 0.042628
1.000000, 1.000000
0.000000, 0.999999
1.000000, 1.000000
1.000000, 0.996638
1.000000, 1.000000
0.000000, 0.988773
1.000000, 0.999999
0.000000, 1.000000
1.000000, 0.997603
0.000000, 0.877751
0.000000, 0.047320
1.000000, 0.999276
0.000000, 1.000000
0.000000, 1.000000
0.000000, 0.046666
0.000000, 0.999998
1.000000, 0.997399
0.000000, 0.998912
1.000000, 0.999999
0.000000, 0.983139
1.000000, 1.000000
0.000000, 0.983145
1.000000, 0.999999
0.000000, 0.727407
1.000000, 1.000000
0.000000, 0.906350
0.000000, 0.041000
0.000000, 0.954090
0.000000, 0.767637
0.000000, 1.000000
0.000000, 0.997389
0.000000, 0.813795
1.000000, 0.999983
0.000000, 0.998239
1.000000, 1.000000
0.000000, 1.000000
0.000000, 0.984680
0.000000, 0.757366
0.000000, 0.041061
1.000000, 0.999999
1.000000, 0.997223
0.000000, 0.973665
0.000000, 1.000000
0.000000, 0.869191
1.000000, 0.996820
0.000000, 0.999562
1.000000, 0.997223
0.000000, 0.986287
1.000000, 0.997519
1.000000, 0.999945
0.000000, 0.055086
0.000000, 0.849284
0.000000, 0.999546
0.000000, 1.000000
1.000000, 0.997605
1.000000, 1.000000
1.000000, 0.999999
0.000000, 0.999999
1.000000, 1.000000
0.000000, 1.000000
0.000000, 0.046237
0.000000, 0.781868
0.000000, 1.000000
0.000000, 0.999805
1.000000, 1.000000
0.000000, 0.041617
1.000000, 1.000000
0.000000, 0.767741
0.000000, 0.041762
0.000000, 0.041421
1.000000, 0.999979
0.000000, 1.000000
1.000000, 0.999999
0.000000, 0.997876
0.000000, 1.000000
0.000000, 0.041809
1.000000, 0.981349
0.000000, 1.000000
1.000000, 1.000000
0.000000, 0.487444
1.000000, 1.000000
0.000000, 0.043336
0.000000, 0.042172
0.000000, 0.736309
0.000000, 0.997223
0.000000, 0.997411
0.000000, 0.999989
0.000000, 0.999938
0.000000, 0.395029
0.000000, 0.979777
0.000000, 0.154788
1.000000, 1.000000
1.000000, 0.997223
0.000000, 0.953135
1.000000, 1.000000
0.000000, 0.665932
1.000000, 1.000000
0.000000, 0.650836
1.000000, 1.000000
0.000000, 0.949903
0.000000, 0.758355
1.000000, 1.000000
1.000000, 0.997230
0.000000, 0.970647
1.000000, 0.999999
0.000000, 0.999930
1.000000, 0.999999
0.000000, 0.998231
0.000000, 0.695121
0.000000, 0.710188
0.000000, 0.041885
1.000000, 1.000000
1.000000, 1.000000
1.000000, 0.999994
1.000000, 0.997467
0.000000, 1.000000
0.000000, 1.000000
0.000000, 0.999786
1.000000, 0.997467
0.000000, 1.000000
1.000000, 0.997609
1.000000, 0.978056
1.000000, 1.000000
0.000000, 0.999265
1.000000, 0.999999
0.000000, 0.938697
0.000000, 1.000000
0.000000, 0.999717
1.000000, 0.997603
0.000000, 0.999996
0.000000, 0.992610
0.000000, 1.000000
1.000000, 1.000000
0.000000, 0.999997
0.000000, 0.999999
1.000000, 0.999958
1.000000, 0.999999
0.000000, 0.511586
1.000000, 1.000000
0.000000, 1.000000
0.000000, 0.999999
0.000000, 0.050726
1.000000, 0.999953
1.000000, 0.999999
0.000000, 0.845340
0.000000, 1.000000
0.000000, 1.000000
0.000000, 0.044096
1.000000, 1.000000
0.000000, 0.999740
1.000000, 0.997389
0.000000, 0.999994
1.000000, 0.997750
0.000000, 1.000000
0.000000, 0.150537
0.000000, 0.268137
1.000000, 0.996824
0.000000, 0.976685
1.000000, 0.997575
0.000000, 0.789105
0.000000, 1.000000
1.000000, 1.000000
1.000000, 0.999999
0.000000, 0.587362
0.000000, 1.000000
0.000000, 0.999984
1.000000, 1.000000
0.000000, 1.000000
1.000000, 0.997465
0.000000, 0.041887
1.000000, 0.997750
0.000000, 0.042169
1.000000, 0.997223
1.000000, 1.000000
1.000000, 1.000000
0.000000, 0.904451
0.000000, 0.977578
0.000000, 0.046565
1.000000, 0.999999
1.000000, 0.142564
1.000000, 1.000000
0.000000, 1.000000
1.000000, 0.999902
0.000000, 0.999779
0.000000, 0.041095
0.000000, 0.080613
0.000000, 0.194282
0.000000, 0.904359
1.000000, 0.997605
0.000000, 0.941131
1.000000, 1.000000
0.000000, 0.183182
0.000000, 0.207102
0.000000, 0.898449
0.000000, 0.999987
0.000000, 1.000000
1.000000, 0.999999
0.000000, 0.994119
1.000000, 1.000000
1.000000, 0.999996
1.000000, 1.000000
0.000000, 0.999404
0.000000, 0.043324
0.000000, 1.000000
0.000000, 0.999999
0.000000, 0.999977
0.000000, 1.000000
0.000000, 1.000000
1.000000, 1.000000
0.000000, 0.998239
1.000000, 0.987237
0.000000, 0.965187
1.000000, 0.997230
1.000000, 1.000000
1.000000, 1.000000
1.000000, 1.000000
1.000000, 1.000000
0.000000, 0.999730
1.000000, 1.000000
0.000000, 1.000000
1.000000, 0.996822
0.000000, 0.985335
0.000000, 0.999994
1.000000, 0.999999
1.000000, 1.000000
0.000000, 0.999904
1.000000, 0.997467
0.000000, 0.999984
0.000000, 0.999727
0.000000, 0.523594
1.000000, 1.000000
0.000000, 0.043402
1.000000, 1.000000
0.000000, 0.750608
0.000000, 1.000000
0.000000, 0.047309
0.000000, 0.997750
0.000000, 0.708225
1.000000, 0.997750
0.000000, 0.999998
0.000000, 0.999999
0.000000, 1.000000
1.000000, 1.000000
0.000000, 0.041335
0.000000, 1.000000
0.000000, 1.000000
1.000000, 1.000000
1.000000, 0.999757
1.000000, 1.000000
0.000000, 1.000000
0.000000, 1.000000
0.000000, 0.065257
1.000000, 0.996842
0.000000, 0.999999
0.000000, 0.999733
0.000000, 0.917800
1.000000, 0.997223
0.000000, 0.992907
0.000000, 1.000000
0.000000, 0.849809
0.000000, 0.145208
0.000000, 0.055121
1.000000, 1.000000
0.000000, 1.000000
0.000000, 0.042435
0.000000, 0.795486
1.000000, 0.999999
0.000000, 1.000000
0.000000, 0.889941
0.000000, 0.999965
1.000000, 0.997226
0.000000, 0.049507
1.000000, 1.000000
0.000000, 0.998982
1.000000, 0.999999
1.000000, 1.000000
0.000000, 0.871997
0.000000, 0.995571
0.000000, 0.042242
0.000000, 0.995843
1.000000, 0.997382
0.000000, 0.964293
1.000000, 0.997282
0.000000, 0.759241
1.000000, 1.000000
0.000000, 0.344758
1.000000, 0.997605
0.000000, 0.992410
1.000000, 0.996820
0.000000, 1.000000
0.000000, 0.999993
0.000000, 1.000000
0.000000, 0.580671
0.000000, 0.999946
1.000000, 1.000000
0.000000, 0.995866
0.000000, 0.992023
0.000000, 0.999772
1.000000, 1.000000
0.000000, 0.999999
1.000000, 0.999998
0.000000, 0.999864
1.000000, 1.000000
0.000000, 0.999830
0.000000, 0.971539
0.000000, 0.963233
0.000000, 1.000000
0.000000, 0.997321
1.000000, 1.000000
0.000000, 0.999361
1.000000, 0.999998
1.000000, 0.999885
0.000000, 0.130903
0.000000, 0.999743
1.000000, 0.997753
0.000000, 0.587292
1.000000, 0.997384
1.000000, 0.999998
1.000000, 1.000000
0.000000, 0.988181
0.000000, 0.999988
0.000000, 0.999994
1.000000, 1.000000
0.000000, 0.041201
0.000000, 0.962652
0.000000, 0.999999
0.000000, 1.000000
0.000000, 1.000000
0.000000, 1.000000
0.000000, 1.000000
1.000000, 0.997468
0.000000, 0.983112
1.000000, 1.000000
1.000000, 1.000000
1.000000, 1.000000
0.000000, 0.937638
1.000000, 1.000000
1.000000, 1.000000
1.000000, 0.999999
0.000000, 1.000000
0.000000, 0.295647
0.000000, 0.955022
0.000000, 0.697880
0.000000, 0.993259
0.000000, 0.999999
0.000000, 0.878858
1.000000, 0.997235
0.000000, 0.254224
1.000000, 0.997753
0.000000, 0.999994
1.000000, 0.999997
0.000000, 0.973031
1.000000, 1.000000
0.000000, 0.998175
1.000000, 1.000000
0.000000, 0.041110
1.000000, 1.000000
0.000000, 1.000000
1.000000, 0.997126
0.000000, 1.000000
0.000000, 0.856213
0.000000, 0.999999
0.000000, 0.162297
0.000000, 0.060583
1.000000, 0.997603
1.000000, 1.000000
0.000000, 1.000000
0.000000, 0.095554
0.000000, 0.999988
0.000000, 1.000000
1.000000, 1.000000
0.000000, 0.041390
1.000000, 0.997180
1.000000, 1.000000
1.000000, 0.997465
0.000000, 0.044220
1.000000, 0.997389
0.000000, 0.781903
1.000000, 1.000000
0.000000, 0.999838
1.000000, 0.997394
0.000000, 0.992266
0.000000, 0.042248
1.000000, 1.000000
1.000000, 1.000000
1.000000, 0.999752
1.000000, 1.000000
0.000000, 0.958869
0.000000, 1.000000
0.000000, 0.999997
0.000000, 0.339012
0.000000, 0.971391
1.000000, 1.000000
0.000000, 0.944526
1.000000, 1.000000
0.000000, 0.996002
1.000000, 0.997601
0.000000, 1.000000
1.000000, 0.997612
0.000000, 0.998364
1.000000, 1.000000
0.000000, 1.000000
1.000000, 0.996824
0.000000, 0.752351
1.000000, 0.997753
0.000000, 0.621748
0.000000, 0.995609
1.000000, 0.999946
0.000000, 1.000000
0.000000, 0.641076
1.000000, 1.000000
0.000000, 0.999994
0.000000, 0.040847
0.000000, 0.995094
1.000000, 0.997468
0.000000, 0.998488
1.000000, 1.000000
0.000000, 1.000000
1.000000, 0.997235
0.000000, 1.000000
1.000000, 1.000000
0.000000, 0.999998
1.000000, 0.999999
0.000000, 0.971083
1.000000, 1.000000
0.000000, 0.989780
1.000000, 0.997230
1.000000, 0.999999
1.000000, 0.997752
0.000000, 0.999997
0.000000, 0.999999
0.000000, 0.998710
0.000000, 0.846872
0.000000, 0.795454
0.000000, 0.998223
1.000000, 1.000000
0.000000, 0.997525
0.000000, 0.943090
0.000000, 0.690902
0.000000, 0.041136
1.000000, 1.000000
1.000000, 0.999994
0.000000, 0.999743
0.000000, 0.753195
0.000000, 1.000000
0.000000, 0.620026
0.000000, 0.117131
0.000000, 0.725329
1.000000, 0.997752
0.000000, 0.984599
1.000000, 1.000000
0.000000, 0.999048
1.000000, 0.999998
0.000000, 0.044513
0.000000, 0.045535
0.000000, 0.998797
1.000000, 0.999999
0.000000, 0.992052
0.000000, 0.970266
0.000000, 1.000000
1.000000, 1.000000
0.000000, 1.000000
0.000000, 0.221464
0.000000, 0.726689
0.000000, 0.424807
0.000000, 0.992204
1.000000, 0.997752
0.000000, 0.999418
1.000000, 0.997603
0.000000, 0.871755
1.000000, 1.000000
1.000000, 0.999996
1.000000, 1.000000
0.000000, 0.999950
0.000000, 0.997111
0.000000, 0.999865
0.000000, 0.997807
0.000000, 1.000000
1.000000, 1.000000
0.000000, 0.999448
1.000000, 0.997203
0.000000, 0.988802
0.000000, 0.234298
1.000000, 1.000000
1.000000, 0.999999
0.000000, 0.671756
1.000000, 1.000000
0.000000, 1.000000
0.000000, 1.000000
0.000000, 1.000000
1.000000, 1.000000
0.000000, 0.681383
0.000000, 0.568903
0.000000, 0.844384
1.000000, 0.999993
0.000000, 0.998833
1.000000, 0.999404
1.000000, 0.999996
0.000000, 0.999938
0.000000, 0.987278
1.000000, 0.996820
1.000000, 1.000000
1.000000, 1.000000
0.000000, 0.046374
0.000000, 0.210319
0.000000, 0.047623
1.000000, 1.000000
0.000000, 1.000000
0.000000, 0.694898
0.000000, 0.596160
1.000000, 1.000000
0.000000, 0.656372
1.000000, 1.000000
0.000000, 0.972240
1.000000, 0.997465
0.000000, 0.999996
1.000000, 1.000000
0.000000, 1.000000
0.000000, 0.999928
0.000000, 1.000000
1.000000, 0.997603
0.000000, 0.683423
1.000000, 0.997465
0.000000, 1.000000
1.000000, 0.997223
0.000000, 0.999996
0.000000, 0.988191
0.000000, 0.043805
1.000000, 0.997226
0.000000, 0.999999
0.000000, 0.857118
1.000000, 0.999960
0.000000, 0.111854
0.000000, 0.989669
1.000000, 1.000000
1.000000, 1.000000
1.000000, 1.000000
0.000000, 0.999992
1.000000, 1.000000
0.000000, 0.975694
1.000000, 0.997226
0.000000, 1.000000
1.000000, 0.999999
0.000000, 1.000000
0.000000, 0.880186
0.000000, 0.196819
1.000000, 1.000000
0.000000, 0.825260
0.000000, 0.042959
1.000000, 1.000000
0.000000, 0.053305
0.000000, 1.000000
1.000000, 1.000000
0.000000, 0.907554
1.000000, 1.000000
1.000000, 1.000000
0.000000, 0.189837
0.000000, 0.999998
1.000000, 1.000000
0.000000, 0.999895
1.000000, 0.997465
0.000000, 0.999908
0.000000, 0.144406
0.000000, 0.782766
1.000000, 1.000000
0.000000, 0.999996
0.000000, 0.963131
0.000000, 1.000000
1.000000, 0.999999
0.000000, 0.882145
1.000000, 0.999971
0.000000, 1.000000
0.000000, 0.999999
0.000000, 0.989313
0.000000, 0.986119
0.000000, 0.041839
1.000000, 0.999999
1.000000, 1.000000
1.000000, 0.997226
1.000000, 1.000000
0.000000, 0.076685
0.000000, 0.999869
0.000000, 0.999999
0.000000, 1.000000
0.000000, 1.000000
0.000000, 0.164982
1.000000, 1.000000
0.000000, 1.000000
0.000000, 0.980826
0.000000, 0.085780
1.000000, 1.000000
0.000000, 0.060381
1.000000, 1.000000
0.000000, 0.043376
1.000000, 0.999999
0.000000, 0.253207
1.000000, 0.997207
0.000000, 0.041164
1.000000, 1.000000
1.000000, 0.999998
1.000000, 0.999985
0.000000, 0.704568
1.000000, 0.999998
0.000000, 0.703312
1.000000, 1.000000
0.000000, 0.088643
1.000000, 0.997599
0.000000, 0.107899
1.000000, 1.000000
0.000000, 0.042438
1.000000, 1.000000
0.000000, 1.000000
1.000000, 0.999996
0.000000, 1.000000
1.000000, 0.997384
0.000000, 0.999993
1.000000, 1.000000
0.000000, 0.999830
0.000000, 0.997599
0.000000, 0.999928
1.000000, 0.997406
0.000000, 0.999966
1.000000, 1.000000
0.000000, 0.999997
1.000000, 0.659308
0.000000, 0.965406
1.000000, 0.997384
0.000000, 0.996763
1.000000, 1.000000
0.000000, 0.999062
1.000000, 0.999999
0.000000, 0.999883
1.000000, 0.997468
0.000000, 0.041211
0.000000, 0.998775
1.000000, 0.999999
1.000000, 0.999976
0.000000, 0.999995
1.000000, 1.000000
0.000000, 0.924389
1.000000, 0.999999
0.000000, 0.894537
1.000000, 1.000000
0.000000, 0.995005
1.000000, 1.000000
0.000000, 0.636082
1.000000, 0.997223
0.000000, 0.970187
1.000000, 0.997750
0.000000, 0.999738
1.000000, 1.000000
0.000000, 0.999879
1.000000, 0.997664
0.000000, 0.042585
1.000000, 1.000000
0.000000, 0.990522
1.000000, 0.997223
1.000000, 0.999997
1.000000, 1.000000
0.000000, 0.999999
1.000000, 1.000000
0.000000, 0.999998
1.000000, 0.997394
1.000000, 1.000000
0.000000, 0.999922
0.000000, 0.998806
0.000000, 1.000000
0.000000, 0.976444
1.000000, 0.999996
0.000000, 0.045258
1.000000, 0.997465
0.000000, 0.990183
0.000000, 1.000000
0.000000, 0.377684
1.000000, 0.999999
0.000000, 0.041844
1.000000, 1.000000
0.000000, 0.999954
1.000000, 1.000000
0.000000, 0.966942
0.000000, 0.550949
1.000000, 1.000000
1.000000, 0.997230
0.000000, 0.999999
0.000000, 0.999520
1.000000, 1.000000
0.000000, 0.999985
0.000000, 0.624884
1.000000, 0.999999
0.000000, 0.999998
1.000000, 0.997399
1.000000, 0.999757
1.000000, 1.000000
1.000000, 0.999952
0.000000, 0.184405
0.000000, 0.788398
0.000000, 0.700977
0.000000, 0.916000
0.000000, 0.043745
0.000000, 0.999391
1.000000, 0.999999
0.000000, 0.980245
1.000000, 1.000000
0.000000, 0.352705
1.000000, 0.999946
0.000000, 0.100196
0.000000, 0.995729
1.000000, 0.997343
1.000000, 0.997609
1.000000, 0.999982
0.000000, 0.999996
0.000000, 1.000000
0.000000, 0.992866
0.000000, 1.000000
0.000000, 1.000000
0.000000, 0.756205
1.000000, 1.000000
0.000000, 0.958742
0.000000, 0.995681
0.000000, 0.071412
0.000000, 0.998811
0.000000, 1.000000
0.000000, 1.000000
1.000000, 1.000000
0.000000, 0.999999
0.000000, 0.959968
1.000000, 0.999999
0.000000, 0.628910
1.000000, 1.000000
0.000000, 0.942667
0.000000, 0.999989
1.000000, 1.000000
0.000000, 0.999998
0.000000, 1.000000
0.000000, 0.999996
1.000000, 1.000000
0.000000, 0.750941
1.000000, 1.000000
0.000000, 0.044822
0.000000, 0.999670
0.000000, 1.000000
0.000000, 1.000000
0.000000, 0.997612
0.000000, 0.999873
1.000000, 0.997468
0.000000, 0.960593
0.000000, 0.996321
0.000000, 0.999714
1.000000, 0.997468
0.000000, 0.661135
0.000000, 0.041665
0.000000, 0.999513
0.000000, 1.000000
0.000000, 0.999993
0.000000, 0.043977
0.000000, 0.999997
1.000000, 1.000000
0.000000, 0.933461
0.000000, 0.999999
0.000000, 0.999996
1.000000, 0.999996
1.000000, 0.999948
0.000000, 0.976280
0.000000, 0.998819
0.000000, 0.999648
0.000000, 0.971061
0.000000, 1.000000
0.000000, 0.993376
0.000000, 0.245453
0.000000, 0.999995
1.000000, 0.997384
0.000000, 0.999997
0.000000, 1.000000
0.000000, 0.999985
1.000000, 0.999999
0.000000, 0.794866
0.000000, 0.148781
0.000000, 0.999999
1.000000, 1.000000
0.000000, 1.000000
0.000000, 0.051418
1.000000, 1.000000
1.000000, 0.997603
0.000000, 0.999995
1.000000, 1.000000
0.000000, 0.999692
0.000000, 0.653953
0.000000, 0.999995
1.000000, 0.999999
0.000000, 0.042171
1.000000, 1.000000
1.000000, 0.865092
0.000000, 0.098141
1.000000, 1.000000
1.000000, 0.996820
1.000000, 1.000000
0.000000, 0.999989
0.000000, 1.000000
1.000000, 0.997226
0.000000, 0.071133
0.000000, 0.677393
1.000000, 0.999819
1.000000, 0.997750
1.000000, 0.999876
1.000000, 1.000000
1.000000, 0.999999
0.000000, 0.999999
0.000000, 1.000000
0.000000, 0.999944
0.000000, 0.050709
1.000000, 1.000000
1.000000, 0.999952
1.000000, 1.000000
0.000000, 0.047035
1.000000, 0.997228
0.000000, 0.336151
1.000000, 0.999953
0.000000, 1.000000
1.000000, 1.000000
0.000000, 1.000000
1.000000, 0.997603
0.000000, 0.999986
1.000000, 0.996816
0.000000, 0.199188
0.000000, 0.864404
0.000000, 0.225437
1.000000, 0.046321
0.000000, 0.042094
0.000000, 1.000000
0.000000, 0.042175
1.000000, 1.000000
0.000000, 0.998762
1.000000, 0.997747
0.000000, 0.911785
0.000000, 0.997608
1.000000, 1.000000
0.000000, 0.228891
0.000000, 0.049703
0.000000, 1.000000
0.000000, 0.627178
1.000000, 0.997465
0.000000, 0.049645
1.000000, 0.999999
1.000000, 1.000000
1.000000, 0.999999
0.000000, 0.998008
0.000000, 0.777778
0.000000, 0.219597
1.000000, 0.999996
0.000000, 0.685826
1.000000, 0.996820
0.000000, 0.134183
1.000000, 0.997394
0.000000, 1.000000
1.000000, 1.000000
0.000000, 1.000000
1.000000, 0.997394
0.000000, 0.755705
0.000000, 1.000000
0.000000, 1.000000
0.000000, 0.764632
0.000000, 0.653502
1.000000, 1.000000
0.000000, 0.980747
0.000000, 0.046192
0.000000, 0.999844
1.000000, 0.997389
0.000000, 1.000000
1.000000, 0.997313
0.000000, 0.041330
1.000000, 1.000000
0.000000, 0.983921
1.000000, 0.997609
0.000000, 0.999998
1.000000, 0.996822
0.000000, 0.969345
1.000000, 1.000000
0.000000, 0.999990
0.000000, 0.411476
0.000000, 0.045836
1.000000, 0.996079
0.000000, 0.999872
0.000000, 0.581941
1.000000, 0.999692
1.000000, 1.000000
0.000000, 0.547247
0.000000, 0.756242
0.000000, 0.975621
1.000000, 0.997399
0.000000, 0.046283
0.000000, 0.532927
0.000000, 0.967633
1.000000, 0.997482
0.000000, 1.000000
0.000000, 0.976983
0.000000, 0.997917
1.000000, 0.997399
0.000000, 0.999828
1.000000, 0.997223
0.000000, 0.999484
0.000000, 0.041860
0.000000, 1.000000
1.000000, 0.988570
0.000000, 0.183241
1.000000, 0.999999
0.000000, 0.755014
0.000000, 0.984885
0.000000, 0.041874
1.000000, 1.000000
1.000000, 0.999856
0.000000, 0.076841
0.000000, 0.041519
0.000000, 0.999928
0.000000, 0.970304
1.000000, 0.997230
0.000000, 1.000000
1.000000, 1.000000
0.000000, 0.999995
1.000000, 1.000000
0.000000, 0.988552
1.000000, 0.997399
0.000000, 0.999972
0.000000, 0.999968
0.000000, 0.919429
1.000000, 1.000000
0.000000, 0.701386
1.000000, 0.999956
0.000000, 0.999996
1.000000, 1.000000
0.000000, 0.046148
1.000000, 0.997752
0.000000, 0.749254
1.000000, 0.996822
0.000000, 0.447829
1.000000, 0.997664
0.000000, 0.975152
1.000000, 0.997465
0.000000, 0.993906
1.000000, 1.000000
0.000000, 0.993138
0.000000, 0.999850
1.000000, 0.956826
0.000000, 0.997264
0.000000, 0.044461
1.000000, 1.000000
0.000000, 1.000000
1.000000, 1.000000
0.000000, 0.674892
0.000000, 0.774440
1.000000, 1.000000
0.000000, 0.672180
0.000000, 1.000000
1.000000, 1.000000
0.000000, 0.962971
0.000000, 0.045512
0.000000, 0.381330
1.000000, 0.996820
0.000000, 0.999998
1.000000, 1.000000
0.000000, 1.000000
1.000000, 1.000000
0.000000, 0.766596
0.000000, 0.336769
0.000000, 0.971358
0.000000, 0.045114
0.000000, 0.072379
0.000000, 0.492568
1.000000, 0.999786
0.000000, 0.041759
0.000000, 0.052053
0.000000, 1.000000
0.000000, 0.890463
0.000000, 0.042350
1.000000, 0.994667
0.000000, 0.041265
0.000000, 1.000000
1.000000, 1.000000
0.000000, 1.000000
1.000000, 0.999996
0.000000, 0.999126
1.000000, 1.000000
0.000000, 0.053433
1.000000, 1.000000
0.000000, 0.046713
1.000000, 1.000000
0.000000, 0.042322
1.000000, 1.000000
0.000000, 1.000000
1.000000, 1.000000
1.000000, 0.999999
0.000000, 0.150414
1.000000, 0.991608
0.000000, 0.041293
0.000000, 0.041248
1.000000, 1.000000
0.000000, 1.000000
0.000000, 1.000000
0.000000, 1.000000
0.000000, 0.995979
1.000000, 1.000000
1.000000, 0.997465
0.000000, 1.000000
1.000000, 0.997465
0.000000, 0.999693
1.000000, 1.000000
0.000000, 0.051851
1.000000, 1.000000
1.000000, 1.000000
1.000000, 0.999998
0.000000, 0.513218
0.000000, 0.999753
1.000000, 0.999999
1.000000, 1.000000
1.000000, 0.724130
1.000000, 0.997389
0.000000, 0.999999
1.000000, 0.997569
1.000000, 1.000000
1.000000, 0.997027
0.000000, 1.000000
1.000000, 1.000000
0.000000, 0.848469
0.000000, 0.999998
0.000000, 0.865727
0.000000, 0.159782
0.000000, 0.926057
0.000000, 0.043343
0.000000, 1.000000
0.000000, 0.999988
0.000000, 0.999935
1.000000, 0.997144
0.000000, 0.985552
0.000000, 0.662316
0.000000, 0.041599
0.000000, 0.067311
0.000000, 0.865865
1.000000, 1.000000
0.000000, 0.865648
0.000000, 0.997465
0.000000, 0.705121
1.000000, 0.999999
0.000000, 0.999993
1.000000, 1.000000
0.000000, 0.045849
1.000000, 1.000000
1.000000, 1.000000
1.000000, 1.000000
0.000000, 0.981328
0.000000, 0.999992
0.000000, 1.000000
0.000000, 1.000000
0.000000, 0.999998
1.000000, 0.999999
1.000000, 0.999781
1.000000, 0.999999
1.000000, 1.000000
1.000000, 0.997389
0.000000, 0.911316
0.000000, 0.999999
1.000000, 1.000000
0.000000, 0.742660
0.000000, 0.759867
0.000000, 0.092333
0.000000, 0.047488
0.000000, 0.541650
0.000000, 1.000000
1.000000, 0.999962
0.000000, 0.784757
1.000000, 0.997226
0.000000, 0.663483
1.000000, 0.999965
0.000000, 0.688278
1.000000, 0.996820
1.000000, 0.999999
0.000000, 0.041078
0.000000, 0.702054
1.000000, 0.999998
0.000000, 1.000000
1.000000, 0.047616
1.000000, 0.999997
0.000000, 0.543650
1.000000, 0.999921
1.000000, 0.997605
0.000000, 0.644512
1.000000, 0.997394
0.000000, 1.000000
0.000000, 1.000000
0.000000, 1.000000
1.000000, 1.000000
0.000000, 0.999998
1.000000, 0.997605
0.000000, 0.833025
1.000000, 1.000000
0.000000, 0.675169
1.000000, 0.997235
0.000000, 1.000000
1.000000, 1.000000
0.000000, 0.998083
1.000000, 0.996824
0.000000, 1.000000
0.000000, 0.985839
1.000000, 1.000000
1.000000, 1.000000
0.000000, 0.993278
1.000000, 0.997406
1.000000, 1.000000
1.000000, 0.997384
1.000000, 1.000000
0.000000, 0.835603
1.000000, 0.999997
0.000000, 0.998184
0.000000, 0.969064
0.000000, 0.997447
0.000000, 0.977011
0.000000, 0.997601
0.000000, 1.000000
1.000000, 1.000000
0.000000, 0.996146
1.000000, 1.000000
0.000000, 0.862362
1.000000, 1.000000
1.000000, 0.945332
0.000000, 0.999995
0.000000, 0.997506
0.000000, 0.042042
0.000000, 0.999996
1.000000, 1.000000
0.000000, 0.377025
1.000000, 1.000000
1.000000, 0.999989
1.000000, 0.997027
0.000000, 0.041006
0.000000, 0.213663
0.000000, 0.705607
0.000000, 1.000000
1.000000, 1.000000
1.000000, 1.000000
0.000000, 0.999992
0.000000, 0.902758
0.000000, 0.041018
1.000000, 0.996820
0.000000, 0.999825
1.000000, 0.999999
1.000000, 0.999986
0.000000, 0.925610
0.000000, 0.273631
0.000000, 0.969188
0.000000, 0.905475
0.000000, 0.999998
0.000000, 0.054721
1.000000, 1.000000
1.000000, 1.000000
0.000000, 1.000000
0.000000, 0.999989
1.000000, 1.000000
0.000000, 0.981952
1.000000, 1.000000
0.000000, 0.051084
0.000000, 1.000000
0.000000, 0.980619
0.000000, 0.634438
0.000000, 1.000000
1.000000, 0.997389
0.000000, 0.043873
0.000000, 0.213799
0.000000, 0.979508
1.000000, 0.997750
0.000000, 0.826077
1.000000, 0.997603
0.000000, 0.043521
1.000000, 1.000000
0.000000, 0.043183
1.000000, 0.997226
0.000000, 0.080740
1.000000, 1.000000
0.000000, 0.847777
0.000000, 0.126554
0.000000, 0.762508
1.000000, 0.997603
0.000000, 0.999999
0.000000, 0.584075
1.000000, 1.000000
0.000000, 1.000000
0.000000, 0.990087
1.000000, 0.999999
0.000000, 0.992351
1.000000, 1.000000
0.000000, 0.041591
1.000000, 1.000000
0.000000, 0.705031
1.000000, 0.999999
0.000000, 0.062761
0.000000, 0.997390
1.000000, 0.042309
1.000000, 0.997240
1.000000, 0.999990
1.000000, 0.996820
0.000000, 1.000000
1.000000, 1.000000
1.000000, 0.999984
0.000000, 0.999999
0.000000, 0.999996
0.000000, 0.327758
0.000000, 0.042564
1.000000, 1.000000
0.000000, 0.840179
1.000000, 0.997603
0.000000, 0.991339
0.000000, 0.999999
0.000000, 0.922489
1.000000, 1.000000
1.000000, 1.000000
1.000000, 1.000000
1.000000, 0.999994
1.000000, 0.999910
1.000000, 1.000000
1.000000, 1.000000
0.000000, 0.750303
1.000000, 1.000000
0.000000, 0.042703
1.000000, 1.000000
0.000000, 0.938551
1.000000, 0.997389
0.000000, 0.982416
0.000000, 0.741317
0.000000, 0.620468
0.000000, 0.769992
1.000000, 1.000000
0.000000, 0.045904
1.000000, 0.999999
1.000000, 1.000000
0.000000, 1.000000
0.000000, 1.000000
0.000000, 0.999174
0.000000, 0.106119
0.000000, 1.000000
0.000000, 0.999708
0.000000, 0.961708
1.000000, 0.997467
0.000000, 0.767811
1.000000, 1.000000
0.000000, 0.825645
1.000000, 0.999986
0.000000, 1.000000
1.000000, 0.999998
0.000000, 0.201109
1.000000, 1.000000
1.000000, 0.999975
0.000000, 1.000000
0.000000, 0.999995
0.000000, 0.999999
0.000000, 0.962280
0.000000, 0.999999
0.000000, 0.996777
0.000000, 0.783254
0.000000, 0.892028
1.000000, 0.997400
0.000000, 0.101224
0.000000, 0.042468
0.000000, 0.045262
1.000000, 1.000000
1.000000, 0.564571
1.000000, 1.000000
0.000000, 0.999430
0.000000, 0.125323
0.000000, 0.044703
0.000000, 0.046703
0.000000, 0.041912
1.000000, 1.000000
0.000000, 0.998212
0.000000, 0.997713
0.000000, 0.995138
0.000000, 0.141941
0.000000, 0.999997
0.000000, 0.999999
0.000000, 0.952690
1.000000, 0.999999
1.000000, 0.999998
0.000000, 0.765472
0.000000, 0.999999
0.000000, 1.000000
0.000000, 1.000000
1.000000, 0.997663
0.000000, 0.999891
1.000000, 0.997378
1.000000, 1.000000
1.000000, 0.997467
0.000000, 0.999988
1.000000, 1.000000
0.000000, 0.976425
0.000000, 0.986386
0.000000, 1.000000
1.000000, 0.997752
0.000000, 0.999995
0.000000, 0.043226
1.000000, 1.000000
1.000000, 0.997467
1.000000, 0.999978
1.000000, 0.999999
0.000000, 0.984753
0.000000, 0.971146
0.000000, 0.988658
1.000000, 0.999998
0.000000, 0.961848
1.000000, 1.000000
0.000000, 0.418872
0.000000, 0.999183
0.000000, 0.053140
0.000000, 0.731631
0.000000, 0.779842
0.000000, 0.949061
0.000000, 0.998304
0.000000, 0.080209
0.000000, 0.994318
1.000000, 0.996822
0.000000, 0.041972
0.000000, 0.402442
0.000000, 0.993972
0.000000, 0.999103
0.000000, 0.579142
1.000000, 0.999999
0.000000, 1.000000
1.000000, 1.000000
0.000000, 1.000000
0.000000, 0.997523
0.000000, 0.979143
1.000000, 1.000000
0.000000, 1.000000
0.000000, 0.998149
1.000000, 0.998469
0.000000, 1.000000
0.000000, 1.000000
1.000000, 0.997752
0.000000, 1.000000
1.000000, 0.999968
0.000000, 1.000000
1.000000, 0.997230
0.000000, 0.939453
0.000000, 0.044101
0.000000, 0.179295
1.000000, 1.000000
0.000000, 0.051510
0.000000, 0.535656
1.000000, 0.999955
1.000000, 1.000000
0.000000, 0.968711
0.000000, 0.662791
1.000000, 0.041608
1.000000, 0.999999
0.000000, 0.755112
0.000000, 0.958084
0.000000, 0.533388
1.000000, 1.000000
0.000000, 1.000000
1.000000, 0.997389
0.000000, 0.157441
1.000000, 1.000000
1.000000, 0.999995
0.000000, 1.000000
0.000000, 0.045514
1.000000, 1.000000
0.000000, 0.999952
1.000000, 1.000000
0.000000, 0.999999
1.000000, 0.999999
0.000000, 0.998699
1.000000, 0.997399
0.000000, 0.918634
1.000000, 1.000000
0.000000, 0.719653
1.000000, 0.997752
0.000000, 0.935953
1.000000, 0.997609
0.000000, 0.998412
1.000000, 1.000000
0.000000, 0.957635
1.000000, 1.000000
1.000000, 1.000000
1.000000, 1.000000
1.000000, 0.999978
1.000000, 1.000000
1.000000, 0.999999
1.000000, 1.000000
0.000000, 0.999998
0.000000, 0.999869
0.000000, 0.998322
0.000000, 0.045987
0.000000, 0.869513
1.000000, 0.999948
0.000000, 0.999300
0.000000, 1.000000
0.000000, 1.000000
1.000000, 0.996843
0.000000, 1.000000
0.000000, 0.987852
0.000000, 0.999999
1.000000, 0.996822
0.000000, 0.999935
1.000000, 0.997609
0.000000, 1.000000
0.000000, 0.999999
0.000000, 0.999437
1.000000, 0.999999
0.000000, 0.964190
1.000000, 0.999999
0.000000, 0.999961
1.000000, 0.997467
0.000000, 0.999985
0.000000, 0.993087
0.000000, 0.784316
1.000000, 0.997223
0.000000, 1.000000
1.000000, 0.997752
0.000000, 0.041007
0.000000, 0.989710
1.000000, 0.999996
1.000000, 0.997605
0.000000, 0.285481
0.000000, 0.133020
0.000000, 1.000000
1.000000, 0.997605
0.000000, 1.000000
0.000000, 0.999696
0.000000, 0.999864
1.000000, 0.997603
0.000000, 0.990802
0.000000, 0.088458
0.000000, 0.060288
1.000000, 1.000000
0.000000, 0.774268
0.000000, 0.045407
0.000000, 0.115769
0.000000, 0.999998
0.000000, 0.147732
1.000000, 0.999953
0.000000, 0.041614
0.000000, 0.302090
0.000000, 0.976348
1.000000, 1.000000
1.000000, 1.000000
1.000000, 0.997394
0.000000, 0.054267
0.000000, 0.041775
0.000000, 0.999998
1.000000, 0.999995
0.000000, 0.047304
1.000000, 1.000000
0.000000, 0.999199
1.000000, 0.999275
0.000000, 1.000000
1.000000, 0.997220
0.000000, 0.962355
1.000000, 0.997406
0.000000, 0.999998
0.000000, 0.998502
1.000000, 0.999988
1.000000, 0.997612
0.000000, 0.998800
0.000000, 0.999999
0.000000, 0.946913
1.000000, 0.997406
0.000000, 0.985982
0.000000, 0.044206
0.000000, 1.000000
0.000000, 0.991394
0.000000, 0.998998
1.000000, 0.997468
0.000000, 0.996517
1.000000, 0.999972
0.000000, 0.999998
1.000000, 0.996824
1.000000, 0.999999
0.000000, 0.127839
0.000000, 0.999999
1.000000, 0.999955
0.000000, 0.993481
0.000000, 0.999194
0.000000, 0.930277
0.000000, 0.997603
1.000000, 1.000000
1.000000, 1.000000
0.000000, 0.999679
1.000000, 1.000000
1.000000, 0.999998
1.000000, 0.997603
0.000000, 1.000000
1.000000, 1.000000
1.000000, 1.000000
1.000000, 0.997344
0.000000, 0.999989
1.000000, 1.000000
0.000000, 0.475711
0.000000, 0.579981
0.000000, 0.041955
0.000000, 0.989077
0.000000, 0.182867
1.000000, 1.000000
0.000000, 1.000000
0.000000, 0.971528
1.000000, 1.000000
1.000000, 1.000000
0.000000, 0.980128
1.000000, 1.000000
0.000000, 0.999974
1.000000, 0.997609
1.000000, 0.999417
1.000000, 1.000000
0.000000, 1.000000
1.000000, 0.997467
0.000000, 1.000000
0.000000, 0.073696
1.000000, 0.999985
1.000000, 0.999923
0.000000, 1.000000
1.000000, 0.997223
0.000000, 0.597824
1.000000, 0.996820
0.000000, 0.056261
0.000000, 0.218875
0.000000, 0.199963
0.000000, 0.997567
1.000000, 0.999725
1.000000, 0.999948
1.000000, 0.999294
1.000000, 1.000000
1.000000, 1.000000
0.000000, 0.382142
0.000000, 1.000000
0.000000, 0.041529
0.000000, 0.737971
0.000000, 1.000000
0.000000, 0.999996
1.000000, 1.000000
0.000000, 0.045836
0.000000, 0.051531
1.000000, 0.999999
0.000000, 0.996820
0.000000, 0.041260
1.000000, 0.997226
0.000000, 0.999740
1.000000, 1.000000
0.000000, 0.999999
0.000000, 0.042585
0.000000, 0.630855
1.000000, 0.997605
0.000000, 0.899412
1.000000, 1.000000
0.000000, 0.373485
0.000000, 0.230690
0.000000, 0.961891
1.000000, 0.996820
0.000000, 1.000000
1.000000, 1.000000
0.000000, 0.999999
1.000000, 0.547943
0.000000, 0.970460
1.000000, 0.996820
0.000000, 0.992924
0.000000, 0.053911
0.000000, 0.597902
1.000000, 1.000000
1.000000, 0.999998
1.000000, 1.000000
0.000000, 0.999996
1.000000, 1.000000
0.000000, 0.100706
1.000000, 1.000000
0.000000, 0.979881
1.000000, 1.000000
0.000000, 0.999999
1.000000, 1.000000
0.000000, 0.999997
0.000000, 0.853552
0.000000, 0.764067
1.000000, 1.000000
0.000000, 0.683011
0.000000, 0.972435
0.000000, 0.999963
1.000000, 0.999999
0.000000, 0.988615
0.000000, 1.000000
0.000000, 0.949760
0.000000, 0.232414
0.000000, 0.998982
1.000000, 1.000000
1.000000, 1.000000
1.000000, 0.997203
0.000000, 0.699576
0.000000, 0.691107
0.000000, 0.999998
0.000000, 0.042317
0.000000, 0.999980
1.000000, 1.000000
0.000000, 1.000000
0.000000, 0.987983
1.000000, 1.000000
0.000000, 0.999954
0.000000, 0.999719
1.000000, 1.000000
0.000000, 0.976385
1.000000, 0.997752
1.000000, 0.999903
1.000000, 1.000000
0.000000, 1.000000
1.000000, 1.000000
0.000000, 1.000000
1.000000, 0.997753
0.000000, 0.961339
0.000000, 0.999332
0.000000, 0.999975
1.000000, 0.999999
0.000000, 1.000000
1.000000, 0.997468
1.000000, 1.000000
1.000000, 1.000000
0.000000, 0.999356
1.000000, 1.000000
0.000000, 0.925469
0.000000, 0.042315
1.000000, 0.990005
0.000000, 0.107409
0.000000, 0.522725
0.000000, 0.840261
1.000000, 1.000000
1.000000, 1.000000
0.000000, 0.990112
1.000000, 1.000000
0.000000, 0.999988
1.000000, 0.997601
0.000000, 0.999992
0.000000, 0.997600
1.000000, 0.999516
1.000000, 0.999998
0.000000, 1.000000
0.000000, 0.997612
0.000000, 0.998249
0.000000, 1.000000
0.000000, 0.999997
1.000000, 0.587404
1.000000, 0.922571
0.000000, 0.997605
0.000000, 0.059026
1.000000, 1.000000
1.000000, 0.976598
1.000000, 0.169998
1.000000, 0.999895
1.000000, 0.999999
0.000000, 0.975960
1.000000, 1.000000
0.000000, 0.689511
1.000000, 1.000000
0.000000, 1.000000
1.000000, 0.997394
0.000000, 0.977342
0.000000, 0.998657
0.000000, 0.999961
1.000000, 1.000000
1.000000, 1.000000
0.000000, 1.000000
0.000000, 0.047339
0.000000, 0.123108
0.000000, 0.046870
0.000000, 0.661581
0.000000, 0.406230
0.000000, 0.985154
0.000000, 1.000000
1.000000, 0.995348
0.000000, 0.999978
1.000000, 0.999999
0.000000, 1.000000
0.000000, 0.041131
0.000000, 1.000000
1.000000, 0.997462
0.000000, 0.806313
1.000000, 0.999968
0.000000, 0.044184
1.000000, 0.244921
0.000000, 0.042294
1.000000, 0.999985
1.000000, 0.999639
1.000000, 1.000000
0.000000, 0.040905
0.000000, 0.999996
0.000000, 0.999803
0.000000, 0.043925
0.000000, 0.698339
0.000000, 1.000000
0.000000, 1.000000
1.000000, 0.997378
1.000000, 1.000000
0.000000, 0.999654
0.000000, 0.105598
1.000000, 1.000000
0.000000, 0.901755
1.000000, 0.997603
0.000000, 0.999980
0.000000, 0.157007
0.000000, 1.000000
1.000000, 1.000000
0.000000, 0.999999
1.000000, 1.000000
0.000000, 0.156433
1.000000, 1.000000
0.000000, 0.928664
0.000000, 0.990824
0.000000, 0.955828
0.000000, 0.999982
0.000000, 0.999591
0.000000, 0.047255
0.000000, 0.793148
0.000000, 0.144499
0.000000, 0.999998
1.000000, 1.000000
0.000000, 0.200398
0.000000, 0.997223
1.000000, 1.000000
1.000000, 1.000000
0.000000, 0.999953
1.000000, 1.000000
1.000000, 0.984587
0.000000, 0.999996
0.000000, 0.999980
1.000000, 0.999999
0.000000, 0.999472
0.000000, 0.157413
1.000000, 0.999998
0.000000, 1.000000
0.000000, 0.964277
0.000000, 0.873796
0.000000, 0.982340
0.000000, 1.000000
0.000000, 0.627960
1.000000, 0.996822
0.000000, 0.700366
0.000000, 0.147645
0.000000, 0.773169
1.000000, 0.999999
0.000000, 0.042701
0.000000, 0.999992
1.000000, 0.999837
1.000000, 0.997213
0.000000, 0.084345
0.000000, 0.047967
0.000000, 0.754528
1.000000, 1.000000
0.000000, 0.999966
1.000000, 1.000000
1.000000, 1.000000
1.000000, 0.997462
0.000000, 0.111814
0.000000, 0.999980
0.000000, 1.000000
1.000000, 1.000000
0.000000, 0.043505
0.000000, 0.999997
0.000000, 0.809793
1.000000, 0.999995
0.000000, 0.999999
1.000000, 0.995622
0.000000, 0.999979
1.000000, 1.000000
0.000000, 0.041775
0.000000, 0.082644
0.000000, 0.042357
1.000000, 0.654239
0.000000, 0.676216
0.000000, 0.670627
0.000000, 0.998582
0.000000, 0.997467
0.000000, 0.999974
0.000000, 0.305141
0.000000, 0.992353
1.000000, 1.000000
1.000000, 1.000000
1.000000, 0.997609
0.000000, 0.999978
1.000000, 0.997389
1.000000, 0.946918
1.000000, 0.978832
0.000000, 0.962499
1.000000, 1.000000
0.000000, 0.999998
1.000000, 1.000000
0.000000, 0.968473
1.000000, 0.999997
0.000000, 0.041326
0.000000, 0.675728
1.000000, 0.999983
1.000000, 0.042163
0.000000, 0.999997
1.000000, 1.000000
0.000000, 0.999414
0.000000, 0.999994
0.000000, 0.999536
1.000000, 1.000000
0.000000, 0.979266
1.000000, 1.000000
0.000000, 0.985631
0.000000, 0.999772
0.000000, 1.000000
1.000000, 0.997230
0.000000, 0.999622
1.000000, 0.999964
0.000000, 1.000000
1.000000, 1.000000
0.000000, 0.984925
1.000000, 1.000000
0.000000, 0.995212
1.000000, 1.000000
0.000000, 0.565556
1.000000, 1.000000
0.000000, 0.041916
1.000000, 0.997609
0.000000, 0.042564
0.000000, 1.000000
0.000000, 0.999512
0.000000, 0.999474
0.000000, 0.701504
1.000000, 0.997230
1.000000, 1.000000
1.000000, 1.000000
1.000000, 0.798568
0.000000, 0.999635
0.000000, 0.998821
0.000000, 0.999685
1.000000, 0.999999
0.000000, 0.372303
0.000000, 1.000000
0.000000, 0.569416
0.000000, 0.956799
0.000000, 0.997609
0.000000, 0.813622
1.000000, 1.000000
0.000000, 0.956613
0.000000, 0.701295
0.000000, 0.947028
0.000000, 0.905267
0.000000, 0.676032
1.000000, 0.997399
0.000000, 0.907824
1.000000, 0.999955
0.000000, 0.999998
1.000000, 0.997223
0.000000, 1.000000
0.000000, 1.000000
0.000000, 0.041850
1.000000, 0.997467
0.000000, 0.999297
0.000000, 0.994595
0.000000, 1.000000
1.000000, 1.000000
0.000000, 1.000000
0.000000, 0.042128
1.000000, 0.669265
0.000000, 0.997752
0.000000, 1.000000
0.000000, 0.999997
0.000000, 0.998767
1.000000, 0.999986
0.000000, 0.696824
1.000000, 1.000000
0.000000, 0.981533
1.000000, 0.997389
1.000000, 1.000000
1.000000, 0.999998
0.000000, 0.999435
0.000000, 1.000000
1.000000, 0.999371
1.000000, 0.997603
0.000000, 1.000000
1.000000, 1.000000
0.000000, 0.987500
0.000000, 0.041954
0.000000, 1.000000
0.000000, 0.739170
0.000000, 1.000000
1.000000, 0.999999
0.000000, 0.999998
0.000000, 1.000000
1.000000, 0.999997
1.000000, 0.999999
0.000000, 0.988808
0.000000, 0.230615
1.000000, 1.000000
0.000000, 1.000000
0.000000, 0.999744
0.000000, 0.382142
0.000000, 0.999060
1.000000, 0.997665
0.000000, 0.999995
0.000000, 0.999519
0.000000, 0.995884
1.000000, 0.999999
0.000000, 0.999998
0.000000, 0.992036
1.000000, 0.999996
1.000000, 0.997217
0.000000, 0.996617
0.000000, 0.984118
1.000000, 1.000000
1.000000, 0.997615
0.000000, 0.999395
1.000000, 1.000000
0.000000, 1.000000
1.000000, 0.999998
0.000000, 0.994881
1.000000, 0.999978
1.000000, 0.999996
0.000000, 1.000000
0.000000, 0.995179
0.000000, 1.000000
0.000000, 0.999747
1.000000, 1.000000
0.000000, 0.997895
1.000000, 1.000000
0.000000, 0.766150
1.000000, 1.000000
0.000000, 0.999892
0.000000, 0.997147
0.000000, 0.999959
0.000000, 0.987074
0.000000, 0.994986
1.000000, 1.000000
0.000000, 0.040960
1.000000, 0.997469
0.000000, 0.995922
1.000000, 0.999997
0.000000, 0.998835
0.000000, 0.530288
1.000000, 0.982310
0.000000, 0.999876
0.000000, 0.999534
0.000000, 0.999999
0.000000, 0.999874
0.000000, 0.053009
0.000000, 0.996949
1.000000, 0.999999
0.000000, 0.999938
1.000000, 0.997100
0.000000, 0.998606
0.000000, 0.991005
0.000000, 1.000000
0.000000, 0.999495
0.000000, 0.999999
0.000000, 0.788367
0.000000, 0.100821
1.000000, 0.997230
1.000000, 0.999999
0.000000, 0.984482
0.000000, 0.999995
0.000000, 0.997492
0.000000, 0.999333
1.000000, 0.997399
0.000000, 0.971311
1.000000, 0.999999
0.000000, 0.893344
1.000000, 1.000000
0.000000, 0.967407
1.000000, 0.997126
0.000000, 0.859978
1.000000, 0.997027
0.000000, 0.999996
0.000000, 0.988861
0.000000, 0.994014
1.000000, 0.997394
0.000000, 1.000000
0.000000, 0.602021
1.000000, 1.000000
1.000000, 1.000000
0.000000, 0.989801
1.000000, 1.000000
0.000000, 0.045601
1.000000, 1.000000
0.000000, 1.000000
1.000000, 0.997605
0.000000, 1.000000
1.000000, 0.997605
0.000000, 0.999829
1.000000, 1.000000
0.000000, 0.935464
1.000000, 1.000000
0.000000, 0.999994
1.000000, 0.999992
1.000000, 0.743538
1.000000, 0.997603
0.000000, 0.046900
1.000000, 1.000000
0.000000, 0.999767
1.000000, 0.999994
0.000000, 0.999998
1.000000, 1.000000
0.000000, 0.952602
0.000000, 0.041122
0.000000, 0.998620
0.000000, 0.718184
0.000000, 1.000000
1.000000, 0.997389
0.000000, 0.998861
0.000000, 0.986777
1.000000, 1.000000
0.000000, 0.742200
0.000000, 1.000000
1.000000, 1.000000
0.000000, 0.814712
0.000000, 0.046475
0.000000, 0.999994
0.000000, 0.145874
1.000000, 1.000000
1.000000, 0.997389
0.000000, 1.000000
1.000000, 0.997467
0.000000, 0.965233
1.000000, 1.000000
0.000000, 0.999893
1.000000, 0.997354
0.000000, 1.000000
1.000000, 1.000000
0.000000, 0.959505
0.000000, 0.657494
0.000000, 0.999657
1.000000, 0.997230
0.000000, 0.956348
1.000000, 0.996820
0.000000, 0.992374
1.000000, 0.996820
0.000000, 1.000000
0.000000, 0.164346
0.000000, 0.998176
1.000000, 1.000000
0.000000, 0.984165
1.000000, 0.999999
0.000000, 0.975119
0.000000, 0.999964
1.000000, 1.000000
1.000000, 0.997223
0.000000, 0.046099
1.000000, 1.000000
0.000000, 0.912537
1.000000, 0.999999
0.000000, 0.995306
0.000000, 0.765541
0.000000, 0.085713
1.000000, 1.000000
1.000000, 0.999946
1.000000, 0.997603
1.000000, 0.999926
1.000000, 0.999999
0.000000, 0.782212
1.000000, 0.997223
1.000000, 0.974172
1.000000, 1.000000
0.000000, 0.988845
1.000000, 1.000000
0.000000, 0.042239
1.000000, 0.999997
0.000000, 0.798649
0.000000, 1.000000
0.000000, 0.663988
1.000000, 1.000000
0.000000, 1.000000
0.000000, 0.150900
0.000000, 0.998375
0.000000, 0.999999
1.000000, 1.000000
1.000000, 1.000000
0.000000, 0.970094
1.000000, 0.997389
0.000000, 0.999988
1.000000, 1.000000
0.000000, 0.710522
1.000000, 1.000000
1.000000, 0.999999
0.000000, 0.042116
0.000000, 0.951575
1.000000, 0.999999
0.000000, 0.999695
1.000000, 1.000000
0.000000, 0.312477
0.000000, 0.792495
0.000000, 0.986669
1.000000, 1.000000
0.000000, 0.998158
1.000000, 1.000000
0.000000, 0.996329
0.000000, 0.991634
0.000000, 1.000000
0.000000, 0.812745
1.000000, 0.999419
1.000000, 0.997430
0.000000, 1.000000
0.000000, 0.999951
0.000000, 1.000000
0.000000, 0.986853
0.000000, 0.983571
1.000000, 1.000000
1.000000, 0.999998
0.000000, 1.000000
0.000000, 0.982098
0.000000, 0.999999
0.000000, 0.999998
1.000000, 0.997235
0.000000, 0.801551
1.000000, 0.997384
0.000000, 0.999586
1.000000, 1.000000
0.000000, 0.041985
1.000000, 0.999999
0.000000, 0.999999
1.000000, 0.999999
0.000000, 0.999741
0.000000, 0.041376
0.000000, 0.998138
0.000000, 1.000000
0.000000, 0.999782
1.000000, 0.999999
0.000000, 0.999998
1.000000, 1.000000
0.000000, 1.000000
1.000000, 0.997465
0.000000, 0.043630
0.000000, 0.134061
0.000000, 0.999996
1.000000, 1.000000
0.000000, 0.999224
0.000000, 0.999286
0.000000, 0.999574
0.000000, 0.167089
0.000000, 0.962782
1.000000, 0.997394
1.000000, 1.000000
1.000000, 0.953403
0.000000, 0.102641
1.000000, 1.000000
0.000000, 0.999195
1.000000, 1.000000
0.000000, 0.985378
0.000000, 0.042121
0.000000, 0.419064
0.000000, 0.072020
0.000000, 1.000000
0.000000, 0.997750
0.000000, 0.811250
1.000000, 0.999996
0.000000, 1.000000
1.000000, 1.000000
0.000000, 0.760862
0.000000, 0.681560
0.000000, 0.999992
1.000000, 0.998592
0.000000, 0.661712
1.000000, 1.000000
0.000000, 0.999999
1.000000, 0.997467
0.000000, 1.000000
1.000000, 0.999897
0.000000, 1.000000
0.000000, 0.041674
0.000000, 0.998738
1.000000, 0.999971
0.000000, 1.000000
0.000000, 0.986042
1.000000, 0.637955
0.000000, 0.999998
0.000000, 1.000000
1.000000, 0.997603
0.000000, 0.999045
1.000000, 0.999973
0.000000, 0.998610
0.000000, 1.000000
0.000000, 0.661240
0.000000, 0.485329
0.000000, 0.161379
0.000000, 0.999636
0.000000, 0.999214
1.000000, 0.997230
1.000000, 0.999998
1.000000, 1.000000
1.000000, 0.999997
1.000000, 1.000000
0.000000, 0.999938
1.000000, 1.000000
1.000000, 1.000000
0.000000, 0.126219
0.000000, 0.686926
1.000000, 1.000000
0.000000, 1.000000
1.000000, 1.000000
0.000000, 0.999668
0.000000, 0.628870
0.000000, 0.999732
1.000000, 0.999999
0.000000, 0.986980
1.000000, 0.999999
0.000000, 0.981253
1.000000, 0.997603
0.000000, 0.502336
1.000000, 1.000000
0.000000, 0.999999
1.000000, 0.999995
1.000000, 0.999803
0.000000, 0.816888
0.000000, 0.651848
0.000000, 1.000000
0.000000, 0.044614
0.000000, 0.041065
0.000000, 0.663447
1.000000, 1.000000
0.000000, 0.555597
0.000000, 0.092217
0.000000, 0.992411
0.000000, 0.996943
0.000000, 0.059706
0.000000, 0.114269
0.000000, 0.044656
1.000000, 0.997223
0.000000, 1.000000
0.000000, 0.043897
0.000000, 0.999996
1.000000, 1.000000
1.000000, 0.999912
1.000000, 0.999999
0.000000, 0.999998
0.000000, 0.756576
0.000000, 0.999478
0.000000, 0.095749
1.000000, 1.000000
0.000000, 0.984635
0.000000, 0.999985
1.000000, 1.000000
0.000000, 0.998857
1.000000, 0.996820
0.000000, 1.000000
0.000000, 0.388589
0.000000, 0.042238
1.000000, 0.997389
1.000000, 0.239279
1.000000, 0.999999
0.000000, 0.999432
0.000000, 0.992562
0.000000, 0.589338
1.000000, 1.000000
1.000000, 1.000000
1.000000, 0.999951
0.000000, 0.987773
0.000000, 1.000000
0.000000, 1.000000
0.000000, 0.947069
0.000000, 0.787997
1.000000, 0.999999
0.000000, 0.984472
1.000000, 0.997605
1.000000, 0.999984
0.000000, 0.995832
0.000000, 1.000000
1.000000, 0.997670
1.000000, 1.000000
1.000000, 1.000000
1.000000, 0.999731
0.000000, 0.999965
0.000000, 0.042718
1.000000, 0.997226
1.000000, 1.000000
0.000000, 1.000000
0.000000, 0.999993
0.000000, 0.999979
1.000000, 0.997772
1.000000, 1.000000
0.000000, 0.046174
1.000000, 0.999999
0.000000, 1.000000
0.000000, 0.996095
0.000000, 0.992591
0.000000, 0.997223
1.000000, 0.041056
0.000000, 0.787948
0.000000, 0.253546
0.000000, 1.000000
0.000000, 0.712331
0.000000, 0.042271
0.000000, 0.999997
1.000000, 0.999999
1.000000, 1.000000
1.000000, 0.997603
1.000000, 0.999548
1.000000, 1.000000
0.000000, 0.997957
1.000000, 0.997223
0.000000, 0.741462
0.000000, 0.738299
0.000000, 0.959170
1.000000, 0.999995
0.000000, 0.999245
0.000000, 0.999999
0.000000, 0.956283
1.000000, 0.999999
1.000000, 1.000000
1.000000, 0.999999
0.000000, 1.000000
1.000000, 0.997599
0.000000, 1.000000
0.000000, 0.701242
0.000000, 0.938047
1.000000, 0.997389
0.000000, 0.044572
1.000000, 0.996822
1.000000, 1.000000
1.000000, 1.000000
0.000000, 0.298289
0.000000, 0.879575
0.000000, 1.000000
1.000000, 0.996822
0.000000, 1.000000
0.000000, 0.607778
0.000000, 0.999909
1.000000, 0.999999
0.000000, 1.000000
0.000000, 0.056069
1.000000, 1.000000
1.000000, 1.000000
0.000000, 0.786335
0.000000, 0.602147
0.000000, 0.999753
1.000000, 1.000000
1.000000, 1.000000
0.000000, 0.797810
0.000000, 0.999081
1.000000, 1.000000
0.000000, 0.056900
1.000000, 1.000000
0.000000, 0.999002
0.000000, 0.043352
0.000000, 0.041342
1.000000, 1.000000
0.000000, 0.857570
0.000000, 0.997187
0.000000, 0.979118
0.000000, 0.988177
0.000000, 0.998726
1.000000, 1.000000
0.000000, 0.999996
1.000000, 0.999957
1.000000, 0.999735
1.000000, 0.996820
0.000000, 0.829509
1.000000, 1.000000
0.000000, 0.999996
0.000000, 0.171970
0.000000, 0.587387
1.000000, 0.999999
0.000000, 0.804362
1.000000, 1.000000
0.000000, 0.710698
1.000000, 0.997394
0.000000, 0.998660
1.000000, 0.997223
0.000000, 0.041365
1.000000, 0.997605
1.000000, 0.999986
0.000000, 0.155252
0.000000, 0.993298
0.000000, 0.717366
0.000000, 0.970441
1.000000, 1.000000
0.000000, 0.041084
1.000000, 0.997750
0.000000, 0.045202
1.000000, 1.000000
1.000000, 1.000000
0.000000, 1.000000
1.000000, 0.999815
1.000000, 0.997389
0.000000, 0.043295
0.000000, 0.989824
0.000000, 0.979704
1.000000, 0.999999
0.000000, 0.845549
1.000000, 0.997230
0.000000, 0.998470
1.000000, 0.999961
0.000000, 1.000000
0.000000, 1.000000
0.000000, 0.989468
0.000000, 0.043168
1.000000, 1.000000
0.000000, 1.000000
0.000000, 1.000000
1.000000, 1.000000
1.000000, 0.999997
1.000000, 1.000000
0.000000, 0.788199
0.000000, 1.000000
0.000000, 0.985096
0.000000, 0.997389
0.000000, 0.669495
0.000000, 1.000000
0.000000, 0.574262
1.000000, 0.999997
1.000000, 0.999983
0.000000, 0.999999
0.000000, 0.996789
1.000000, 1.000000
0.000000, 0.720166
1.000000, 1.000000
0.000000, 1.000000
1.000000, 0.997223
0.000000, 0.999043
1.000000, 1.000000
0.000000, 0.952368
0.000000, 0.999736
0.000000, 0.999871
0.000000, 0.664871
0.000000, 0.096652
1.000000, 0.999994
0.000000, 0.985420
0.000000, 1.000000
0.000000, 1.000000
0.000000, 0.042165
0.000000, 0.042990
1.000000, 1.000000
0.000000, 0.999999
1.000000, 0.997389
0.000000, 0.999992
0.000000, 0.185101
0.000000, 0.541141
1.000000, 0.999999
0.000000, 1.000000
1.000000, 0.999999
0.000000, 1.000000
1.000000, 1.000000
0.000000, 0.999998
0.000000, 1.000000
0.000000, 0.044134
1.000000, 1.000000
1.000000, 0.999993
1.000000, 1.000000
1.000000, 1.000000
0.000000, 0.987430
0.000000, 1.000000
1.000000, 1.000000
1.000000, 0.999997
0.000000, 0.999986
0.000000, 0.062111
0.000000, 0.041696
0.000000, 0.432197
1.000000, 0.996816
0.000000, 0.997251
1.000000, 0.997515
0.000000, 1.000000
1.000000, 1.000000
0.000000, 0.062503
1.000000, 1.000000
0.000000, 0.064609
0.000000, 0.062975
0.000000, 0.999996
1.000000, 0.999999
1.000000, 0.999997
1.000000, 0.997400
0.000000, 0.053454
0.000000, 0.283497
0.000000, 1.000000
1.000000, 1.000000
0.000000, 0.995631
0.000000, 0.999622
0.000000, 0.904230
1.000000, 0.997462
0.000000, 0.983968
1.000000, 0.997400
0.000000, 1.000000
1.000000, 0.999947
0.000000, 0.999980
1.000000, 0.997675
0.000000, 0.999135
1.000000, 1.000000
0.000000, 0.069872
0.000000, 0.985126
0.000000, 0.041497
1.000000, 0.997603
0.000000, 1.000000
1.000000, 0.999938
1.000000, 0.999997
0.000000, 1.000000
1.000000, 1.000000
0.000000, 0.991980
0.000000, 0.999965
1.000000, 0.997346
0.000000, 0.977365
1.000000, 1.000000
0.000000, 1.000000
1.000000, 0.997467
0.000000, 1.000000
1.000000, 1.000000
0.000000, 0.998573
1.000000, 1.000000
0.000000, 1.000000
0.000000, 0.041334
0.000000, 0.742363
0.000000, 0.145894
0.000000, 1.000000
1.000000, 0.997603
0.000000, 0.999999
0.000000, 0.999999
0.000000, 0.107994
1.000000, 0.999999
0.000000, 0.043635
0.000000, 0.999996
0.000000, 0.999916
1.000000, 1.000000
0.000000, 0.999982
1.000000, 1.000000
0.000000, 0.999996
0.000000, 0.042505
0.000000, 0.999236
1.000000, 0.999999
0.000000, 0.726047
1.000000, 0.999999
1.000000, 0.999999
0.000000, 1.000000
0.000000, 0.999999
1.000000, 0.997603
0.000000, 1.000000
0.000000, 0.690517
0.000000, 1.000000
1.000000, 1.000000
0.000000, 0.973641
1.000000, 0.997389
0.000000, 1.000000
1.000000, 0.997609
0.000000, 0.972317
0.000000, 0.784039
0.000000, 0.592765
1.000000, 1.000000
0.000000, 0.971168
1.000000, 0.999999
0.000000, 0.999627
0.000000, 0.998395
0.000000, 0.701351
0.000000, 0.229059
1.000000, 0.999997
1.000000, 0.999988
0.000000, 0.826344
0.000000, 0.243942
1.000000, 0.965171
1.000000, 0.997750
0.000000, 0.051052
0.000000, 0.182493
0.000000, 0.999875
1.000000, 0.999999
1.000000, 0.789355
0.000000, 0.537419
1.000000, 0.999999
0.000000, 0.410528
1.000000, 0.999956
1.000000, 1.000000
0.000000, 0.046709
1.000000, 1.000000
0.000000, 0.999953
1.000000, 1.000000
0.000000, 0.044359
0.000000, 0.066084
0.000000, 0.049836
1.000000, 0.999999
0.000000, 0.896706
0.000000, 0.046044
0.000000, 1.000000
0.000000, 0.282790
0.000000, 0.100585
1.000000, 1.000000
0.000000, 0.806993
1.000000, 0.999998
0.000000, 1.000000
0.000000, 1.000000
0.000000, 0.684698
1.000000, 0.997603
0.000000, 0.968707
0.000000, 0.555887
0.000000, 0.684832
1.000000, 0.997027
0.000000, 0.999994
1.000000, 0.996822
1.000000, 0.999988
0.000000, 0.041006
0.000000, 0.684139
0.000000, 0.041920
0.000000, 0.999997
0.000000, 0.999999
0.000000, 1.000000
1.000000, 0.997389
0.000000, 0.999996
1.000000, 0.997752
1.000000, 1.000000
0.000000, 0.981567
0.000000, 0.999999
1.000000, 0.997467
0.000000, 0.999994
0.000000, 0.724905
0.000000, 0.999699
0.000000, 0.214611
0.000000, 0.999646
0.000000, 0.183579
0.000000, 0.999998
1.000000, 0.999999
0.000000, 0.999999
1.000000, 0.997603
0.000000, 0.054552
1.000000, 0.997223
0.000000, 0.999702
0.000000, 0.519827
1.000000, 0.999999
0.000000, 0.041814
1.000000, 1.000000
1.000000, 0.996820
0.000000, 1.000000
0.000000, 0.043513
0.000000, 0.041888
0.000000, 0.997603
0.000000, 0.999411
1.000000, 1.000000
1.000000, 0.969452
1.000000, 0.997500
1.000000, 0.647534
1.000000, 0.997605
0.000000, 0.773037
1.000000, 1.000000
0.000000, 0.859133
1.000000, 1.000000
0.000000, 0.999999
1.000000, 1.000000
0.000000, 0.821957
0.000000, 0.711278
0.000000, 0.999685
0.000000, 0.997356
0.000000, 1.000000
1.000000, 0.999999
0.000000, 0.934339
0.000000, 0.999889
0.000000, 0.998010
1.000000, 1.000000
0.000000, 1.000000
0.000000, 1.000000
1.000000, 1.000000
0.000000, 0.999500
0.000000, 0.999564
1.000000, 1.000000
0.000000, 1.000000
1.000000, 1.000000
0.000000, 1.000000
1.000000, 1.000000
1.000000, 1.000000
1.000000, 0.997468
1.000000, 0.999003
1.000000, 0.997753
0.000000, 0.999506
0.000000, 0.043811
0.000000, 0.999989
0.000000, 0.999791
0.000000, 0.999753
0.000000, 0.746435
0.000000, 0.999607
1.000000, 0.999999
0.000000, 0.999672
1.000000, 0.999999
0.000000, 0.960925
0.000000, 0.288151
0.000000, 0.999999
1.000000, 1.000000
0.000000, 0.999997
0.000000, 1.000000
0.000000, 0.998525
1.000000, 0.999999
1.000000, 0.999965
0.000000, 0.771550
0.000000, 1.000000
1.000000, 0.997077
0.000000, 0.999981
1.000000, 0.997230
0.000000, 0.986076
1.000000, 1.000000
0.000000, 0.042511
0.000000, 0.193968
0.000000, 1.000000
1.000000, 1.000000
1.000000, 0.999947
1.000000, 0.999978
0.000000, 1.000000
0.000000, 0.999987
0.000000, 0.996699
0.000000, 1.000000
0.000000, 0.966454
0.000000, 0.998371
0.000000, 0.992410
1.000000, 0.997609
0.000000, 0.999972
0.000000, 0.335028
0.000000, 0.995500
1.000000, 0.996824
0.000000, 0.044311
1.000000, 0.999999
0.000000, 1.000000
0.000000, 0.995649
0.000000, 0.998822
1.000000, 1.000000
0.000000, 0.902033
0.000000, 0.206932
0.000000, 0.996419
0.000000, 0.997653
0.000000, 0.047740
1.000000, 0.999999
0.000000, 0.999995
1.000000, 1.000000
0.000000, 0.999992
1.000000, 0.997612
0.000000, 0.882356
1.000000, 1.000000
0.000000, 1.000000
0.000000, 1.000000
0.000000, 0.703891
0.000000, 1.000000
0.000000, 0.999321
1.000000, 0.999959
0.000000, 0.999985
0.000000, 1.000000
1.000000, 0.999998
1.000000, 1.000000
0.000000, 0.998312
1.000000, 1.000000
0.000000, 0.997691
1.000000, 1.000000
0.000000, 0.063627
0.000000, 0.999688
1.000000, 1.000000
0.000000, 0.995122
0.000000, 0.999996
1.000000, 0.997406
1.000000, 0.999998
1.000000, 1.000000
0.000000, 0.974014
0.000000, 0.997601
0.000000, 1.000000
1.000000, 0.999999
0.000000, 0.041969
1.000000, 0.999988
0.000000, 0.763649
1.000000, 1.000000
0.000000, 0.995755
1.000000, 0.997612
1.000000, 0.999853
0.000000, 0.114847
0.000000, 0.995389
1.000000, 0.999999
0.000000, 1.000000
0.000000, 0.999998
0.000000, 0.706139
0.000000, 0.999504
0.000000, 0.044265
1.000000, 1.000000
1.000000, 0.958824
1.000000, 0.999999
1.000000, 0.999847
0.000000, 0.997220
1.000000, 1.000000
1.000000, 1.000000
0.000000, 0.999882
0.000000, 0.997532
0.000000, 0.856435
1.000000, 0.999990
0.000000, 0.970975
1.000000, 0.997753
0.000000, 0.999998
1.000000, 1.000000
1.000000, 0.999965
0.000000, 0.953840
0.000000, 0.995427
1.000000, 1.000000
1.000000, 0.999999
0.000000, 0.041647
0.000000, 0.041443
0.000000, 0.998374
0.000000, 0.971684
1.000000, 1.000000
1.000000, 1.000000
0.000000, 0.999914
1.000000, 1.000000
0.000000, 0.988595
0.000000, 0.999989
1.000000, 1.000000
0.000000, 0.998460
1.000000, 0.997220
0.000000, 0.940208
1.000000, 0.997406
0.000000, 1.000000
0.000000, 0.999978
0.000000, 0.999999
0.000000, 0.995611
0.000000, 0.999532
0.000000, 0.999632
0.000000, 0.971107
1.000000, 1.000000
1.000000, 0.965122
0.000000, 0.042514
0.000000, 0.689294
0.000000, 0.999612
0.000000, 0.592090
1.000000, 0.997389
0.000000, 0.100546
1.000000, 1.000000
1.000000, 0.999997
0.000000, 0.075762
0.000000, 1.000000
1.000000, 1.000000
0.000000, 0.990211
1.000000, 0.999999
0.000000, 1.000000
0.000000, 0.996476
0.000000, 0.957488
1.000000, 0.997603
0.000000, 1.000000
1.000000, 1.000000
0.000000, 0.666318
0.000000, 0.998444
0.000000, 0.987901
1.000000, 1.000000
0.000000, 0.579986
1.000000, 0.999999
0.000000, 1.000000
1.000000, 1.000000
0.000000, 0.985448
0.000000, 0.996736
0.000000, 0.098552
0.000000, 0.999493
0.000000, 0.999558
1.000000, 1.000000
1.000000, 1.000000
0.000000, 0.149935
0.000000, 1.000000
1.000000, 1.000000
0.000000, 0.934409
0.000000, 0.176661
0.000000, 1.000000
1.000000, 1.000000
0.000000, 1.000000
0.000000, 0.777019
0.000000, 1.000000
1.000000, 1.000000
0.000000, 0.968181
0.000000, 0.040958
0.000000, 1.000000
1.000000, 0.997389
0.000000, 0.999448
1.000000, 0.997609
0.000000, 0.998570
1.000000, 1.000000
1.000000, 1.000000
1.000000, 0.999938
0.000000, 1.000000
0.000000, 0.999494
0.000000, 0.978815
1.000000, 1.000000
1.000000, 0.999984
0.000000, 0.041371
0.000000, 1.000000
1.000000, 1.000000
0.000000, 0.968262
0.000000, 0.983592
1.000000, 0.998995
1.000000, 0.997603
0.000000, 0.998581
1.000000, 0.997223
0.000000, 0.507510
0.000000, 1.000000
0.000000, 0.044224
0.000000, 0.997203
0.000000, 0.984836
1.000000, 0.997150
0.000000, 0.939201
1.000000, 1.000000
0.000000, 0.999980
1.000000, 0.997223
1.000000, 0.999977
1.000000, 1.000000
0.000000, 0.999998
0.000000, 0.998552
0.000000, 1.000000
1.000000, 1.000000
0.000000, 1.000000
1.000000, 0.997467
1.000000, 1.000000
0.000000, 1.000000
0.000000, 0.791649
1.000000, 1.000000
0.000000, 0.980215
1.000000, 1.000000
0.000000, 0.732724
0.000000, 1.000000
0.000000, 0.584100
1.000000, 1.000000
0.000000, 0.049013
1.000000, 0.999999
0.000000, 0.044456
0.000000, 0.527728
0.000000, 1.000000
1.000000, 0.999962
1.000000, 1.000000
0.000000, 0.999992
1.000000, 0.999997
1.000000, 1.000000
0.000000, 0.042362
0.000000, 0.295296
0.000000, 0.950293
0.000000, 0.047564
0.000000, 0.842260
1.000000, 1.000000
0.000000, 0.981140
0.000000, 0.997520
0.000000, 0.981184
0.000000, 0.999998
0.000000, 0.047698
1.000000, 0.997516
0.000000, 0.999997
1.000000, 1.000000
1.000000, 1.000000
0.000000, 0.999999
1.000000, 0.999999
1.000000, 0.997605
0.000000, 0.042633
0.000000, 0.693436
0.000000, 1.000000
1.000000, 1.000000
0.000000, 0.826119
1.000000, 1.000000
0.000000, 0.849344
0.000000, 0.041416
0.000000, 0.999999
1.000000, 0.997465
0.000000, 0.999998
0.000000, 0.044617
1.000000, 1.000000
1.000000, 0.997389
0.000000, 0.999831
1.000000, 0.997750
0.000000, 0.981260
1.000000, 1.000000
0.000000, 0.989004
1.000000, 1.000000
0.000000, 0.999986
0.000000, 0.040985
0.000000, 1.000000
0.000000, 0.997850
0.000000, 0.041351
1.000000, 1.000000
0.000000, 1.000000
0.000000, 0.865612
0.000000, 0.999997
1.000000, 1.000000
0.000000, 1.000000
1.000000, 1.000000
1.000000, 0.999995
0.000000, 0.907861
0.000000, 0.828846
0.000000, 0.042793
1.000000, 0.999997
0.000000, 0.909075
0.000000, 0.999041
0.000000, 1.000000
0.000000, 0.959177
1.000000, 1.000000
0.000000, 0.962698
1.000000, 0.999999
0.000000, 0.683181
0.000000, 0.982598
0.000000, 0.999084
0.000000, 0.991696
0.000000, 0.514677
0.000000, 0.716484
0.000000, 1.000000
1.000000, 1.000000
0.000000, 0.636756
1.000000, 0.999999
0.000000, 0.999858
1.000000, 0.999987
0.000000, 0.948086
0.000000, 0.999915
0.000000, 1.000000
0.000000, 0.766262
0.000000, 1.000000
0.000000, 0.997603
0.000000, 1.000000
0.000000, 0.218331
1.000000, 0.999998
0.000000, 0.994636
1.000000, 1.000000
0.000000, 1.000000
0.000000, 0.053672
1.000000, 0.902716
0.000000, 0.511757
1.000000, 1.000000
1.000000, 0.983094
0.000000, 1.000000
0.000000, 0.042959
1.000000, 0.997605
0.000000, 0.989737
0.000000, 0.257898
0.000000, 1.000000
0.000000, 0.999998
0.000000, 1.000000
1.000000, 1.000000
0.000000, 1.000000
0.000000, 1.000000
0.000000, 0.999977
1.000000, 1.000000
0.000000, 0.999983
1.000000, 0.999999
1.000000, 0.094211
1.000000, 1.000000
0.000000, 1.000000
1.000000, 0.999999
0.000000, 0.041263
1.000000, 1.000000
0.000000, 1.000000
1.000000, 0.999998
0.000000, 0.999980
1.000000, 0.999999
0.000000, 0.995776
1.000000, 0.997609
0.000000, 0.999653
1.000000, 1.000000
1.000000, 1.000000
1.000000, 0.997230
0.000000, 0.043748
1.000000, 1.000000
0.000000, 0.999980
1.000000, 1.000000
0.000000, 1.000000
1.000000, 0.999999
0.000000, 0.153793
1.000000, 0.999999
0.000000, 0.913969
1.000000, 0.997230
0.000000, 0.755473
0.000000, 0.999556
1.000000, 0.999228
0.000000, 0.980563
0.000000, 0.925753
1.000000, 0.999999
0.000000, 0.041010
1.000000, 1.000000
1.000000, 0.998557
0.000000, 0.998646
0.000000, 0.995723
1.000000, 1.000000
0.000000, 0.993982
0.000000, 0.999938
0.000000, 0.040937
1.000000, 1.000000
0.000000, 0.999378
0.000000, 0.770721
0.000000, 0.999996
0.000000, 1.000000
0.000000, 0.998635
1.000000, 1.000000
0.000000, 0.999966
0.000000, 0.228398
0.000000, 0.999967
1.000000, 1.000000
0.000000, 1.000000
1.000000, 1.000000
0.000000, 0.978324
0.000000, 0.999978
0.000000, 0.995890
1.000000, 0.997220
0.000000, 0.995557
1.000000, 1.000000
1.000000, 1.000000
1.000000, 1.000000
0.000000, 0.692432
0.000000, 0.997188
0.000000, 1.000000
0.000000, 0.999938
0.000000, 0.999107
0.000000, 0.043735
0.000000, 0.999997
1.000000, 0.997603
1.000000, 1.000000
1.000000, 0.997230
0.000000, 1.000000
0.000000, 0.999981
0.000000, 1.000000
0.000000, 0.562311
0.000000, 1.000000
1.000000, 0.997230
1.000000, 0.999999
1.000000, 0.997609
0.000000, 0.726300
1.000000, 0.997389
1.000000, 1.000000
0.000000, 0.753115
1.000000, 1.000000
1.000000, 1.000000
1.000000, 0.999941
1.000000, 1.000000
0.000000, 0.951075
1.000000, 1.000000
0.000000, 0.997948
1.000000, 1.000000
0.000000, 0.200862
0.000000, 0.195015
0.000000, 0.941309
1.000000, 0.999995
0.000000, 0.996954
0.000000, 0.187032
0.000000, 0.623637
1.000000, 0.997603
0.000000, 0.189977
0.000000, 1.000000
0.000000, 1.000000
0.000000, 0.041251
0.000000, 0.998060
0.000000, 0.997881
1.000000, 1.000000
1.000000, 1.000000
0.000000, 1.000000
1.000000, 1.000000
0.000000, 0.776469
0.000000, 0.062283
0.000000, 0.991942
1.000000, 0.999999
1.000000, 0.999999
1.000000, 0.997603
0.000000, 0.918208
0.000000, 0.265324
0.000000, 0.044412
1.000000, 0.997462
1.000000, 0.969408
0.000000, 0.999999
1.000000, 0.999891
1.000000, 1.000000
0.000000, 0.999999
1.000000, 1.000000
0.000000, 0.104620
0.000000, 0.120652
0.000000, 0.831626
1.000000, 0.997603
0.000000, 0.999999
1.000000, 1.000000
0.000000, 0.041310
0.000000, 0.991392
0.000000, 0.933514
0.000000, 0.175684
1.000000, 1.000000
1.000000, 0.997223
1.000000, 1.000000
0.000000, 1.000000
0.000000, 0.191538
1.000000, 1.000000
0.000000, 0.984801
0.000000, 0.976658
0.000000, 1.000000
0.000000, 1.000000
0.000000, 1.000000
0.000000, 0.994353
0.000000, 0.228752
0.000000, 0.989316
0.000000, 1.000000
1.000000, 1.000000
0.000000, 0.999987
1.000000, 0.997467
0.000000, 0.959826
0.000000, 0.997654
0.000000, 0.948327
0.000000, 1.000000
0.000000, 0.999979
1.000000, 0.996822
0.000000, 0.043805
1.000000, 1.000000
0.000000, 1.000000
1.000000, 0.997399
1.000000, 0.999999
1.000000, 0.999996
0.000000, 0.879768
0.000000, 0.645456
0.000000, 0.963469
1.000000, 0.997399
1.000000, 1.000000
0.000000, 0.715509
0.000000, 0.999997
1.000000, 0.997603
0.000000, 0.987153
1.000000, 1.000000
1.000000, 0.999993
0.000000, 1.000000
0.000000, 0.999986
0.000000, 0.998747
0.000000, 0.785950
1.000000, 1.000000
0.000000, 0.914726
1.000000, 0.997444
0.000000, 0.999553
1.000000, 1.000000
0.000000, 0.986404
1.000000, 1.000000
0.000000, 0.737554
1.000000, 0.999970
0.000000, 0.999982
1.000000, 1.000000
0.000000, 0.999604
0.000000, 0.041336
0.000000, 1.000000
1.000000, 0.999999
0.000000, 0.999870
0.000000, 0.532157
0.000000, 0.043482
1.000000, 0.999999
0.000000, 0.041831
1.000000, 1.000000
0.000000, 0.995116
1.000000, 0.999999
0.000000, 1.000000
0.000000, 0.423211
0.000000, 1.000000
1.000000, 1.000000
0.000000, 0.993498
1.000000, 0.999981
0.000000, 0.999997
1.000000, 0.997290
0.000000, 1.000000
0.000000, 0.154569
0.000000, 0.781074
1.000000, 1.000000
0.000000, 1.000000
0.000000, 0.793307
0.000000, 1.000000
0.000000, 0.387005
0.000000, 0.049066
1.000000, 1.000000
0.000000, 1.000000
0.000000, 0.120734
0.000000, 0.042117
1.000000, 0.996820
0.000000, 0.979308
1.000000, 0.997399
0.000000, 0.990130
0.000000, 0.625400
0.000000, 0.999998
0.000000, 1.000000
0.000000, 0.955325
1.000000, 1.000000
0.000000, 0.999713
0.000000, 0.983945
0.000000, 1.000000
1.000000, 1.000000
0.000000, 0.045709
1.000000, 0.997752
0.000000, 0.769889
0.000000, 0.197709
0.000000, 0.983189
0.000000, 0.810335
0.000000, 0.999976
0.000000, 0.046836
0.000000, 0.997897
1.000000, 0.999999
0.000000, 0.999608
1.000000, 0.997609
0.000000, 0.340857
1.000000, 0.997203
1.000000, 0.999999
1.000000, 1.000000
0.000000, 0.041231
0.000000, 0.528953
0.000000, 0.999978
0.000000, 0.115225
0.000000, 0.837755
0.000000, 0.996485
0.000000, 0.041960
0.000000, 1.000000
0.000000, 0.824826
1.000000, 0.996822
0.000000, 0.997574
1.000000, 0.997609
0.000000, 0.999975
0.000000, 0.932683
0.000000, 0.999859
1.000000, 1.000000
0.000000, 0.646322
1.000000, 0.997609
0.000000, 1.000000
0.000000, 0.997399
0.000000, 1.000000
1.000000, 0.999999
0.000000, 0.040867
0.000000, 1.000000
0.000000, 0.977262
0.000000, 0.999637
0.000000, 0.910339
1.000000, 0.997389
1.000000, 1.000000
0.000000, 0.989341
0.000000, 0.999999
1.000000, 0.999999
0.000000, 0.999766
1.000000, 0.999999
1.000000, 0.999836
1.000000, 0.702334
0.000000, 1.000000
1.000000, 1.000000
0.000000, 1.000000
1.000000, 1.000000
0.000000, 0.999278
0.000000, 0.828145
0.000000, 0.755595
0.000000, 0.997609
0.000000, 0.999999
0.000000, 0.999167
1.000000, 0.999998
1.000000, 0.999953
0.000000, 0.964619
1.000000, 1.000000
0.000000, 0.995288
1.000000, 0.999999
0.000000, 0.999668
0.000000, 0.192145
0.000000, 0.675233
1.000000, 1.000000
0.000000, 0.999982
0.000000, 0.999994
0.000000, 1.000000
0.000000, 0.997344
0.000000, 0.579917
0.000000, 0.043171
1.000000, 0.999997
0.000000, 0.999987
0.000000, 0.997153
1.000000, 1.000000
0.000000, 1.000000
0.000000, 0.117518
0.000000, 0.999958
0.000000, 0.816042
0.000000, 1.000000
1.000000, 0.999999
1.000000, 0.999674
0.000000, 0.989921
0.000000, 0.998350
0.000000, 0.997462
1.000000, 0.999999
1.000000, 0.997223
0.000000, 1.000000
0.000000, 1.000000
0.000000, 0.042936
1.000000, 1.000000
0.000000, 0.999410
1.000000, 1.000000
0.000000, 0.999986
0.000000, 0.043490
0.000000, 0.621565
1.000000, 0.999999
0.000000, 0.041212
0.000000, 0.999993
1.000000, 1.000000
0.000000, 1.000000
0.000000, 1.000000
0.000000, 0.874301
0.000000, 0.607495
1.000000, 0.997467
0.000000, 1.000000
1.000000, 0.999999
0.000000, 0.999428
1.000000, 0.999999
0.000000, 0.645420
1.000000, 0.999998
1.000000, 0.999999
0.000000, 0.999997
0.000000, 0.999313
1.000000, 0.999999
0.000000, 0.742322
0.000000, 0.607628
0.000000, 0.746471
0.000000, 0.999604
0.000000, 0.043036
0.000000, 0.988060
0.000000, 0.998756
1.000000, 0.997752
0.000000, 0.999999
1.000000, 0.999998
1.000000, 1.000000
1.000000, 0.999875
0.000000, 0.999292
1.000000, 1.000000
0.000000, 1.000000
1.000000, 1.000000
0.000000, 0.999999
1.000000, 1.000000
0.000000, 0.503074
1.000000, 1.000000
0.000000, 0.660486
0.000000, 0.910778
1.000000, 0.917887
1.000000, 0.999999
0.000000, 0.998623
1.000000, 0.997223
0.000000, 0.972127
1.000000, 0.999999
0.000000, 0.661227
0.000000, 0.333572
0.000000, 0.054611
0.000000, 0.751425
0.000000, 0.043938
1.000000, 1.000000
0.000000, 0.999876
1.000000, 0.997226
0.000000, 0.661146
1.000000, 0.996820
0.000000, 0.999999
1.000000, 1.000000
0.000000, 0.999945
0.000000, 1.000000
0.000000, 0.720012
1.000000, 1.000000
0.000000, 1.000000
1.000000, 1.000000
0.000000, 0.999996
0.000000, 0.047790
1.000000, 0.999997
1.000000, 1.000000
0.000000, 0.511615
1.000000, 0.999999
0.000000, 1.000000
0.000000, 0.213852
0.000000, 0.043805
0.000000, 0.044260
0.000000, 0.796507
1.000000, 0.997603
0.000000, 0.501368
1.000000, 1.000000
0.000000, 1.000000
1.000000, 0.997603
0.000000, 0.998430
0.000000, 0.288623
0.000000, 0.740169
1.000000, 0.997389
0.000000, 1.000000
1.000000, 1.000000
0.000000, 0.857350
0.000000, 0.428593
0.000000, 0.042284
0.000000, 0.141994
0.000000, 0.999980
1.000000, 1.000000
0.000000, 0.999627
1.000000, 0.997465
1.000000, 1.000000
0.000000, 0.999998
0.000000, 0.052381
1.000000, 1.000000
0.000000, 0.999927
0.000000, 0.041862
0.000000, 0.999998
1.000000, 0.348889
0.000000, 1.000000
0.000000, 0.155565
0.000000, 0.896431
0.000000, 0.825036
0.000000, 0.503254
0.000000, 0.997223
0.000000, 0.999930
1.000000, 1.000000
0.000000, 0.990700
0.000000, 0.151670
0.000000, 0.942860
1.000000, 0.999996
0.000000, 1.000000
1.000000, 1.000000
0.000000, 0.999606
1.000000, 1.000000
0.000000, 0.996945
0.000000, 0.986472
0.000000, 0.999820
0.000000, 0.851994
0.000000, 0.998889
1.000000, 1.000000
1.000000, 1.000000
1.000000, 0.996824
0.000000, 1.000000
0.000000, 0.041415
0.000000, 0.238642
1.000000, 1.000000
0.000000, 1.000000
1.000000, 0.996824
0.000000, 1.000000
1.000000, 0.997612
0.000000, 1.000000
1.000000, 0.997612
1.000000, 0.999990
0.000000, 0.999987
1.000000, 0.997356
1.000000, 1.000000
0.000000, 0.999996
0.000000, 0.672074
0.000000, 0.194578
1.000000, 1.000000
0.000000, 0.041371
1.000000, 1.000000
0.000000, 0.391295
1.000000, 0.999999
0.000000, 0.062512
1.000000, 1.000000
0.000000, 0.999987
0.000000, 0.999999
0.000000, 0.975077
0.000000, 0.990901
0.000000, 0.999992
0.000000, 0.154906
0.000000, 1.000000
1.000000, 0.997226
0.000000, 0.999251
1.000000, 0.999985
0.000000, 0.979148
1.000000, 1.000000
1.000000, 1.000000
0.000000, 1.000000
0.000000, 0.042042
1.000000, 0.999999
1.000000, 0.999971
1.000000, 1.000000
0.000000, 0.129469
1.000000, 0.997394
0.000000, 0.891694
1.000000, 0.999993
0.000000, 0.692110
0.000000, 0.987889
0.000000, 0.999838
0.000000, 0.980888
0.000000, 0.995755
0.000000, 0.816052
0.000000, 0.655363
1.000000, 1.000000
0.000000, 1.000000
1.000000, 0.999946
0.000000, 0.997969
0.000000, 0.326711
0.000000, 1.000000
1.000000, 0.999973
0.000000, 1.000000
0.000000, 0.977964
0.000000, 0.997007
1.000000, 0.996824
0.000000, 1.000000
1.000000, 1.000000
1.000000, 0.999972
1.000000, 0.997612
0.000000, 0.049851
1.000000, 0.999996
0.000000, 0.692275
0.000000, 0.999999
0.000000, 0.990500
1.000000, 1.000000
0.000000, 0.991969
0.000000, 0.997235
0.000000, 0.999957
0.000000, 0.043048
1.000000, 1.000000
1.000000, 0.996820
1.000000, 1.000000
1.000000, 0.997389
0.000000, 0.138389
1.000000, 0.997605
1.000000, 0.999999
0.000000, 0.056511
0.000000, 1.000000
0.000000, 0.992391
0.000000, 0.042611
1.000000, 1.000000
0.000000, 0.178980
1.000000, 1.000000
0.000000, 0.785174
1.000000, 1.000000
0.000000, 0.999998
1.000000, 0.997605
0.000000, 0.230189
1.000000, 1.000000
0.000000, 1.000000
